0, 15.365998013763733
1, 17.269388197455342
2, 17.269388197455342
3, 17.269388197455342
4, 17.269388197455342
5, 17.269388197455342
6, 17.269388197455342
7, 17.269388197455342
8, 17.269388197455342
9, 17.269388197455342
10, 17.269388197455342
11, 17.269388197455342
12, 17.269388197455342
13, 17.269388197455342
14, 17.269388197455342
15, 17.269388197455342
16, 17.269388197455342
17, 17.269388197455342
18, 17.269388197455342
19, 17.269388197455342
20, 17.269388197455342
21, 17.269388197455342
22, 17.269388197455342
23, 17.269388197455342
24, 17.269388197455342
25, 17.269388197455342
26, 17.269388197455342
27, 17.269388197455342
28, 17.269388197455342
29, 17.269388197455342
30, 17.269388197455342
31, 17.269388197455342
32, 17.269388197455342
33, 17.269388197455342
34, 17.269388197455342
35, 17.269388197455342
36, 17.269388197455342
37, 17.269388197455342
38, 17.269388197455342
39, 17.269388197455342
40, 17.269388197455342
41, 17.269388197455342
42, 17.269388197455342
43, 17.269388197455342
44, 17.269388197455342
45, 17.269388197455342
46, 17.269388197455342
47, 17.269388197455342
48, 17.269388197455342
49, 17.269388197455342
50, 17.269388197455342
51, 17.269388197455342
52, 17.269388197455342
53, 17.269388197455342
54, 17.269388197455342
55, 17.269388197455342
56, 17.269388197455342
57, 17.269388197455342
58, 17.269388197455342
59, 17.269388197455342
60, 17.269388197455342
61, 17.269388197455342
62, 17.269388197455342
63, 17.269388197455342
64, 17.269388197455342
65, 17.269388197455342
66, 17.269388197455342
67, 17.269388197455342
68, 17.269388197455342
69, 17.269388197455342
70, 17.269388197455342
71, 17.269388197455342
72, 17.269388197455342
73, 17.269388197455342
74, 17.269388197455342
75, 17.269388197455342
76, 17.269388197455342
77, 17.269388197455342
78, 17.269388197455342
79, 17.269388197455342
80, 17.269388197455342
81, 17.269388197455342
82, 17.269388197455342
83, 17.269388197455342
84, 17.269388197455342
85, 17.269388197455342
86, 17.269388197455342
87, 17.269388197455342
88, 17.269388197455342
89, 17.269388197455342
90, 17.269388197455342
91, 17.269388197455342
92, 17.269388197455342
93, 17.269388197455342
94, 17.269388197455342
95, 17.269388197455342
96, 17.269388197455342
97, 17.269388197455342
98, 17.269388197455342
99, 17.269388197455342
