DenseLayer@6a175569
Total Parameters{34}
Number of Nodes{2}

Number of Inputs{16}
[[    0.0006,   -0.0006]]

Number of weights{16, 2}

[[   -0.0045,    0.1307], 
 [   -0.0701,    0.0326], 
 [    0.0032,    0.1120], 
 [   -0.0011,    0.0042], 
 [   -0.0573,   -0.0178], 
 [    0.2026,    0.2561], 
 [   -0.1178,   -0.1429], 
 [   -0.2137,   -0.1744], 
 [   -0.2485,    0.2440], 
 [    0.0307,    0.0694], 
 [   -0.0455,    0.0278], 
 [   -0.1620,    0.1425], 
 [   -0.1104,   -0.0195], 
 [    0.1536,    0.1597], 
 [   -0.1899,    0.2395], 
 [    0.1591,    0.1672]]
