DenseLayer@28fa700e
Total Parameters{34}
Number of Nodes{2}

Number of Inputs{16}
[[0.0032], 
 [-0.0032]]

Number of weights{16, 2}

[[0.12540817028589266, -0.1193091753260458, 0.17313219497239749, -0.19209800490840076, -0.24121504248397244, 0.06011703235933197, -0.20865314010332234, -0.19996242947066256, 0.04935574608076001, -0.15004407713656373, -0.11904612231605251, -0.09634126020572821, -0.16902300881803184, -0.05378295496000846, -0.2161402351917048, -0.14012273696072977, -0.05524529976523536, -0.18794232953907206, 0.2103235598300073, -0.16493591189674903, 0.0795340181025488, -0.2247413475590442, -0.11193171183260439, 0.09917158812978621, -0.05360136114043531, -0.21481135138700266, 0.03620645530796442, 0.23836954084895676, 0.21433317318170286, -0.14406730199314696, 0.11279370399140327, -0.21728228272877045]]
