ConvolutionLayer@7bfc3126
Total Parameters{3024}
Number of Kernals{336}
Stride {1}
Size of Kernals{3, 3}

Number of Input Channels{24}

Number of Output Channels{14}

Biases{14}
[[3.7311e-6], 
 [-4.9451e-6], 
 [-7.1929e-7], 
 [3.7917e-6], 
 [2.7012e-7], 
 [4.1536e-8], 
 [3.3419e-6], 
 [-6.9159e-7], 
 [-7.6694e-7], 
 [3.3028e-6], 
 [1.1819e-6], 
 [4.5396e-6], 
 [-3.659e-6], 
 [-2.5089e-6]]

Kernal Weights{3024}
[[   -0.8911,    0.9845,   -0.1198], 
 [    0.4966,   -0.0091,    0.7648], 
 [    0.6186,    0.5535,   -0.4458]]
[[    0.4395,    0.9332,   -0.7329], 
 [    0.9584,   -0.8686,   -0.3678], 
 [    0.6021,    0.7739,   -0.0994]]
[[   -0.1640,   -0.2186,    0.3775], 
 [   -0.8479,   -0.5489,   -0.6213], 
 [   -0.9130,   -0.1549,    0.7188]]
[[   -0.2140,   -0.4003,    0.6362], 
 [   -0.4463,   -0.9260,    0.8843], 
 [   -0.7135,   -0.2292,   -0.4371]]
[[    0.4502,   -0.3949,   -0.9203], 
 [    0.5552,   -0.8921,   -0.9849], 
 [    0.7492,    0.6404,    0.7881]]
[[    0.4247,   -0.7505,    0.7401], 
 [   -0.2447,   -0.4925,   -0.1657], 
 [    0.6283,   -0.3493,    0.7075]]
[[   -0.9779,   -0.9631,   -0.8145], 
 [    0.3531,   -0.7393,    0.6892], 
 [    0.0381,   -0.9074,    0.6609]]
[[    0.5707,   -0.4870,    0.5418], 
 [   -0.3837,    0.5936,   -0.1276], 
 [    0.5134,    0.3848,    0.4466]]
[[   -0.1065,   -0.5203,   -0.7507], 
 [    0.8546,    0.1729,    0.0417], 
 [   -0.2472,   -0.2504,   -0.0283]]
[[   -0.9315,   -0.3207,   -0.0900], 
 [   -0.0183,    0.9211,   -0.0469], 
 [    0.5253,    0.2966,   -0.2898]]
[[    0.4280,    0.8296,    0.0851], 
 [    0.8798,   -0.3391,   -0.5391], 
 [    0.9828,   -0.4109,   -0.8036]]
[[    0.5282,    0.0660,   -0.6616], 
 [   -0.3687,    0.4963,    0.4122], 
 [   -0.9276,   -0.2138,    0.9538]]
[[   -0.2753,    0.6005,   -0.3190], 
 [   -0.9148,    0.2627,    0.5939], 
 [    0.6891,    0.2344,    0.4144]]
[[    0.6377,    0.2406,   -0.6539], 
 [   -0.3461,    0.8659,   -0.2414], 
 [    0.2556,    0.3190,   -0.4372]]
[[   -0.8815,   -0.1890,   -0.3031], 
 [    0.7649,    0.8681,   -0.3544], 
 [    0.2229,    0.3998,    0.6668]]
[[    0.0212,    0.2472,    0.7617], 
 [    0.9902,   -0.3458,    0.8111], 
 [   -0.7487,    0.9870,    0.6663]]
[[   -0.8760,    0.2179,    0.5773], 
 [    0.8745,   -0.9757,    0.4505], 
 [   -0.6419,    0.5323,    0.6243]]
[[   -0.5644,    0.7021,   -0.6717], 
 [   -0.4671,    0.8303,    0.5504], 
 [   -0.0514,    0.5844,   -0.2201]]
[[    0.8299,    0.8457,   -0.1562], 
 [   -0.3248,   -0.8282,    0.9797], 
 [   -0.2046,   -0.2540,   -0.3373]]
[[   -0.7512,    0.0983,   -0.5147], 
 [   -0.2667,   -0.9108,    0.0632], 
 [   -0.6850,   -0.0381,    0.2951]]
[[   -0.9130,   -0.8629,    0.5801], 
 [   -0.5116,   -0.3072,   -0.5518], 
 [    0.7578,   -0.1266,    0.5275]]
[[   -0.4484,    0.3652,   -0.0853], 
 [   -0.3064,    0.0782,    0.8712], 
 [   -0.5859,    0.1453,    0.4726]]
[[    0.2203,    0.0559,    0.4950], 
 [    0.4447,    0.1579,    0.0061], 
 [    0.5925,   -0.5606,   -0.7092]]
[[    0.3384,   -0.5490,    0.1203], 
 [   -0.6255,   -0.8233,   -0.2584], 
 [    0.5865,   -0.1968,   -0.6745]]
[[   -0.0667,   -0.4137,    0.1032], 
 [    0.8281,    0.3989,   -0.6641], 
 [    0.3204,   -0.5576,   -0.6933]]
[[   -0.2838,    0.6442,   -0.6916], 
 [   -0.0172,   -0.3785,    0.3620], 
 [   -0.7492,   -0.4432,   -0.0056]]
[[    0.2664,   -0.9265,   -0.8198], 
 [    0.7059,    0.0366,   -0.9990], 
 [    0.8764,   -0.1507,    0.7714]]
[[   -0.0567,   -0.8400,   -0.7658], 
 [    0.8688,    0.7018,    0.9951], 
 [   -0.0632,    0.7393,    0.3967]]
[[   -0.6649,    0.5829,    0.4608], 
 [    0.4038,   -0.4661,    0.7243], 
 [    0.4134,   -0.0744,    0.2608]]
[[    0.1473,    0.1871,    0.9633], 
 [   -0.8151,    0.2385,   -0.3969], 
 [   -0.1250,    0.6712,   -0.3634]]
[[   -0.4491,   -0.0166,    0.0006], 
 [   -0.6814,   -0.4546,    0.7864], 
 [    0.2122,   -0.0055,   -0.6133]]
[[    0.1602,   -0.4245,   -0.7721], 
 [    0.1151,    0.6967,   -0.1005], 
 [   -0.9550,    0.5720,   -0.2173]]
[[    0.4209,    0.9796,    0.3211], 
 [   -0.6195,    0.8527,    0.4578], 
 [   -0.5962,   -0.4118,    0.3136]]
[[    0.2272,    0.4868,    0.0070], 
 [    0.3341,   -0.8532,   -0.6908], 
 [    0.7133,   -0.0933,    0.0589]]
[[   -0.9704,    0.1898,    0.6297], 
 [    0.6896,   -0.9438,    0.9654], 
 [    0.4014,    0.5771,   -0.7324]]
[[    0.9109,    0.8294,    0.8820], 
 [    0.1264,   -0.8625,    0.5562], 
 [    0.5773,    0.1485,    0.2843]]
[[    0.0184,    0.0229,    0.4075], 
 [   -0.4052,    0.8322,   -0.7936], 
 [   -0.6708,   -0.3511,    0.9429]]
[[   -0.9717,   -0.1125,   -0.1363], 
 [    0.9586,   -0.0583,   -0.4882], 
 [   -0.0436,   -0.3245,    0.9803]]
[[    0.4863,    0.4401,   -0.2944], 
 [   -0.2660,   -0.5469,    0.9350], 
 [   -0.6789,    0.2162,    0.7239]]
[[    0.5577,    0.1662,    0.6919], 
 [   -0.4315,    0.0129,    0.3135], 
 [   -0.4443,    0.3549,    0.1207]]
[[    0.3141,    0.1174,    0.5197], 
 [    0.4567,    0.3172,    0.7507], 
 [    0.6552,    0.5603,   -0.8504]]
[[   -0.7077,   -0.2557,    0.7318], 
 [   -0.6944,   -0.1983,    0.5246], 
 [   -0.1913,   -0.7913,   -0.1715]]
[[   -0.7092,   -0.4647,   -0.1737], 
 [   -0.8050,   -0.9466,   -0.8681], 
 [    0.7255,    0.9553,    0.9113]]
[[   -0.5122,   -0.9878,   -0.3060], 
 [   -0.2657,    0.0567,   -0.7561], 
 [   -0.4150,    0.8082,    0.9633]]
[[   -0.6394,    0.7718,   -0.0269], 
 [    0.0967,    0.9608,   -0.4864], 
 [    0.9514,    0.0326,   -0.1611]]
[[   -0.7090,    0.0683,    0.5249], 
 [    0.5929,    0.6054,    0.3824], 
 [    0.9897,   -0.6635,    0.5359]]
[[    0.3221,   -0.0899,   -0.9432], 
 [   -0.6797,    0.4234,    0.4494], 
 [   -0.9816,    0.1834,   -0.5614]]
[[   -0.3641,    0.7484,    0.4162], 
 [    0.1907,    0.4829,    0.6037], 
 [    0.3420,   -0.1093,    0.1436]]
[[    0.7101,    0.2025,   -0.6595], 
 [    0.7683,    0.1220,   -0.7746], 
 [    0.4020,   -0.8758,    0.4867]]
[[    0.1821,   -0.5359,    0.2461], 
 [   -0.8176,    0.5973,    0.2210], 
 [   -0.6321,   -0.0604,    0.4342]]
[[    0.0287,   -0.7639,    0.2883], 
 [   -0.4391,    0.3422,    0.5223], 
 [    0.8234,    0.5926,   -0.7061]]
[[   -0.4928,   -0.7548,   -0.1895], 
 [   -0.6565,   -0.5322,    0.4077], 
 [    0.7696,   -0.8882,    0.2687]]
[[    0.1938,   -0.0581,    0.0023], 
 [    0.5456,   -0.0645,   -0.7223], 
 [   -0.9745,    0.5660,   -0.6852]]
[[    0.9234,   -0.6450,   -0.6380], 
 [   -0.7960,    0.5006,   -0.4198], 
 [   -0.9490,   -0.2633,   -0.6715]]
[[   -0.6371,    0.3964,   -0.9373], 
 [    0.7637,   -0.7398,    0.6078], 
 [    0.6914,   -0.5661,   -0.1503]]
[[   -0.8617,    0.1105,    0.5587], 
 [   -0.0321,   -0.1906,    0.4537], 
 [   -0.2186,   -0.1254,   -0.0182]]
[[    0.3872,   -0.0302,    0.4561], 
 [   -0.3191,   -0.8945,    0.3081], 
 [    0.2034,   -0.3972,   -0.6558]]
[[    0.6565,   -0.3697,    0.7461], 
 [   -0.3384,    0.6441,    0.0439], 
 [    0.0453,   -0.1131,    0.2431]]
[[    0.1326,   -0.1629,    0.5990], 
 [    0.6814,   -0.2914,    0.2444], 
 [    0.7742,   -0.5340,   -0.8765]]
[[    0.6369,   -0.6739,   -0.9866], 
 [   -0.6320,   -0.7879,    0.1677], 
 [    0.9321,   -0.3256,    0.4387]]
[[    0.6321,   -0.6515,    0.5607], 
 [    0.6118,   -0.3831,    0.8377], 
 [    0.6848,    0.0940,    0.6563]]
[[   -0.5016,   -0.3778,    0.9494], 
 [    0.2713,   -0.4990,   -0.2611], 
 [    0.6270,   -0.5846,    0.0423]]
[[    0.6971,    0.1060,   -0.3929], 
 [   -0.9414,   -0.1848,    0.4929], 
 [   -0.5729,    0.2698,    0.4995]]
[[   -0.5598,   -0.5406,   -0.8200], 
 [   -0.7361,   -0.0439,    0.4712], 
 [   -0.4976,   -0.5145,   -0.8143]]
[[    0.6459,    0.1480,    0.9638], 
 [   -0.4370,   -0.9739,    0.3971], 
 [    0.6006,   -0.6292,   -0.0251]]
[[   -0.8411,   -0.9228,    0.1907], 
 [   -0.5809,   -0.6680,   -0.7330], 
 [    0.9873,   -0.0758,    0.1942]]
[[    0.3118,    0.6418,    0.2301], 
 [   -0.5241,    0.7762,    0.6333], 
 [   -0.2202,    0.3149,   -0.8921]]
[[   -0.7323,   -0.0109,    0.6444], 
 [   -0.2525,    0.3592,   -0.4748], 
 [   -0.2713,    0.6613,    0.5937]]
[[    0.7045,    0.5430,    0.8205], 
 [    0.9410,    0.2689,   -0.5161], 
 [    0.1997,    0.4224,    0.2615]]
[[    0.4987,    0.2427,   -0.6907], 
 [   -0.4999,   -0.8598,   -0.5772], 
 [   -0.6062,   -0.7677,   -0.7178]]
[[    0.5171,   -0.6409,   -0.0394], 
 [   -0.7320,   -0.4757,   -0.5225], 
 [    0.1327,   -0.8767,    0.7745]]
[[   -0.1320,   -0.5767,    0.1278], 
 [    0.7056,    0.3735,   -0.3315], 
 [    0.5175,    0.0345,   -0.2513]]
[[   -0.8354,    0.3827,    0.5984], 
 [   -0.7019,   -0.9922,    0.9302], 
 [   -0.9820,   -0.6366,   -0.5776]]
[[    0.1928,    0.5097,    0.1323], 
 [   -0.3794,    0.9966,    0.6760], 
 [   -0.8753,    0.6256,   -0.4555]]
[[    0.9010,    0.4091,    0.7208], 
 [    0.3186,    0.1011,   -0.8878], 
 [   -0.3130,   -0.8301,    0.0187]]
[[   -0.8872,    0.8560,   -0.5374], 
 [    0.9785,   -0.0719,   -0.8567], 
 [   -0.1042,    0.0901,    0.7757]]
[[    0.6777,   -0.7386,    0.2531], 
 [   -0.4771,   -0.5535,    0.7955], 
 [   -0.0059,   -0.1624,    0.4362]]
[[   -0.9856,   -0.8367,   -0.7872], 
 [   -0.8305,    0.9687,   -0.1723], 
 [   -0.2464,    0.2339,   -0.3055]]
[[   -0.6880,    0.6167,    0.4405], 
 [    0.3217,   -0.7257,   -0.1823], 
 [   -0.4206,    0.7603,    0.9419]]
[[   -0.2543,   -0.6177,   -0.8094], 
 [    0.1987,   -0.8054,   -0.7133], 
 [   -0.3211,   -0.9269,    0.9578]]
[[   -0.1530,   -0.8406,    0.3695], 
 [    0.1144,   -0.7557,   -0.2473], 
 [   -0.3311,    0.0217,   -0.7637]]
[[   -0.0738,   -0.2643,    0.7247], 
 [    0.1073,    0.3627,    0.4963], 
 [   -0.0006,   -0.3016,   -0.4320]]
[[   -0.8380,    0.5713,   -0.5545], 
 [    0.2190,   -0.1547,    0.1901], 
 [    0.4871,    0.0579,    0.0438]]
[[    0.1788,   -0.6131,    0.7291], 
 [    0.7636,    0.8460,   -0.2269], 
 [    0.3814,   -0.2911,    0.7134]]
[[   -0.7050,   -0.9211,    0.9823], 
 [    0.9009,    0.6978,    0.1095], 
 [    0.0285,    0.2058,   -0.4793]]
[[   -0.8673,   -0.8127,    0.4275], 
 [    0.9595,    0.7741,   -0.8572], 
 [   -0.6974,    0.7673,    0.7501]]
[[    0.8062,    0.0583,   -0.2833], 
 [    0.9040,    0.7231,    0.0340], 
 [    0.1091,    0.6260,    0.9699]]
[[    0.0873,    0.1011,   -0.9357], 
 [   -0.3234,   -0.4378,   -0.8058], 
 [    0.2448,    0.8191,    0.4916]]
[[    0.1333,   -0.2373,   -0.2814], 
 [   -0.5990,    0.6899,   -0.9280], 
 [   -0.1852,   -0.4144,   -0.6847]]
[[   -0.4411,    0.7104,   -0.9344], 
 [   -0.5167,   -0.4468,   -0.7850], 
 [   -0.4568,    0.7123,   -0.7552]]
[[    0.1964,   -0.3505,   -0.2997], 
 [   -0.9464,    0.3917,   -0.4841], 
 [    0.7889,    0.4346,    0.0365]]
[[   -0.7145,   -0.9340,    0.3172], 
 [    0.1393,   -0.4373,   -0.1959], 
 [   -0.5769,   -0.4400,    0.9847]]
[[    0.6564,    0.5606,   -0.3509], 
 [   -0.8650,    0.0519,   -0.3389], 
 [   -0.8495,   -0.1870,    0.5703]]
[[   -0.2051,    0.3076,    0.3243], 
 [   -0.2706,    0.7019,    0.6724], 
 [    0.8995,    0.5705,   -0.5217]]
[[   -0.0166,    0.6121,    0.7277], 
 [   -0.0371,   -0.3383,    0.2341], 
 [   -0.7782,   -0.8904,   -0.0290]]
[[    0.3492,   -0.8609,    0.1686], 
 [    0.6875,    0.7549,   -0.4187], 
 [    0.8510,   -0.7483,    0.6805]]
[[   -0.2452,   -0.1877,   -0.1981], 
 [    0.6732,   -0.0367,    0.7916], 
 [   -0.7654,    0.1508,    0.3597]]
[[    0.4936,    0.4924,   -0.4600], 
 [    0.8273,   -0.0498,    0.6479], 
 [    0.7176,    0.0970,   -0.5192]]
[[    0.0452,    0.0067,   -0.6792], 
 [    0.6120,    0.7322,    0.3891], 
 [    0.7053,    0.3594,   -0.2543]]
[[   -0.2197,   -0.4677,    0.1199], 
 [   -0.5805,    0.2288,   -0.0869], 
 [   -0.8959,    0.8165,    0.7262]]
[[    0.9687,    0.6944,   -0.3610], 
 [   -0.0640,    0.7684,   -0.5665], 
 [    0.5158,    0.6159,    0.3230]]
[[    0.4137,   -0.5617,    0.7471], 
 [   -0.7821,   -0.1953,   -0.6893], 
 [   -0.5203,    0.0452,    0.9285]]
[[    0.0542,    0.8635,    0.6924], 
 [    0.8821,    0.5278,   -0.9494], 
 [   -0.2227,    0.0285,    0.6313]]
[[   -0.8466,   -0.9832,    0.8521], 
 [    0.4141,    0.2733,   -0.8194], 
 [   -0.3356,    0.7218,   -0.6614]]
[[   -0.5852,    0.4198,   -0.9961], 
 [    0.3536,   -0.8085,    0.5133], 
 [    0.2507,   -0.5988,   -0.0922]]
[[   -0.1493,    0.7199,   -0.6700], 
 [   -0.7420,    0.7016,   -0.8949], 
 [   -0.5656,   -0.1105,    0.8975]]
[[    0.1103,    0.6323,    0.5779], 
 [    0.7800,   -0.9979,   -0.3390], 
 [   -0.8291,    0.9766,    0.6505]]
[[    0.6210,   -0.1026,   -0.4405], 
 [    0.8183,    0.8546,   -0.7152], 
 [   -0.5671,   -0.9949,    0.5668]]
[[    0.8900,   -0.1032,   -0.9756], 
 [   -0.1216,   -0.6699,    0.2535], 
 [   -0.3176,   -0.9411,    0.6709]]
[[    0.0473,   -0.5943,   -0.4225], 
 [   -0.8398,    0.0787,   -0.5146], 
 [   -0.6886,   -0.5261,    0.6725]]
[[    0.7206,    0.7471,   -0.8099], 
 [    0.8616,   -0.3300,    0.3512], 
 [    0.0385,    0.1136,   -0.5293]]
[[    0.4042,    0.6176,   -0.9722], 
 [    0.2391,   -0.4454,   -0.2580], 
 [   -0.9724,   -0.5621,   -0.9095]]
[[    0.3524,   -0.5101,   -0.7303], 
 [    0.5218,   -0.9854,   -0.0109], 
 [    0.1604,    0.4292,   -0.5718]]
[[   -0.6394,    0.6968,    0.7492], 
 [    0.0796,    0.1580,   -0.9968], 
 [    0.6654,    0.2053,    0.7275]]
[[    0.4695,    0.0960,    0.5589], 
 [   -0.3811,   -0.0017,    0.4197], 
 [    0.1374,    0.3291,   -0.5163]]
[[   -0.4984,    0.9742,    0.4855], 
 [   -0.8945,   -0.6282,    0.3952], 
 [    0.4922,    0.2173,   -0.0517]]
[[   -0.3031,    0.3828,    0.0716], 
 [   -0.8864,    0.1472,    0.1803], 
 [    0.4747,    0.1296,   -0.6275]]
[[    0.3980,   -0.4625,   -0.1141], 
 [   -0.2324,   -0.4997,    0.1544], 
 [   -0.1843,   -0.6347,    0.1070]]
[[    0.5701,   -0.5684,    0.7763], 
 [   -0.4767,   -0.5445,    0.3805], 
 [   -0.7368,    0.7788,    0.2776]]
[[    0.6961,    0.7912,   -0.2274], 
 [   -0.5570,    0.4735,    0.9791], 
 [    0.3576,   -0.3296,   -0.4072]]
[[    0.2889,    0.2255,    0.3731], 
 [   -0.6863,   -0.5131,    0.3230], 
 [    0.4341,    0.5632,    0.4528]]
[[   -0.8179,   -0.2962,    0.5751], 
 [    0.7345,   -0.9673,   -0.2199], 
 [    0.1612,   -0.0902,    0.8572]]
[[    0.2006,    0.3500,   -0.2280], 
 [    0.6470,   -0.9660,   -0.6132], 
 [    0.6338,   -0.9611,   -0.9502]]
[[   -0.8419,    0.6313,   -0.7621], 
 [    0.1293,   -0.0076,   -0.1880], 
 [   -0.3276,   -0.6023,    0.4834]]
[[   -0.0002,    0.1839,    0.6680], 
 [    0.4928,    0.9607,   -0.2835], 
 [    0.2246,    0.8132,   -0.7747]]
[[   -0.5480,    0.7142,    0.1027], 
 [    0.0793,    0.1266,    0.9729], 
 [    0.6561,   -0.3081,   -0.1312]]
[[    0.9833,   -0.6705,   -0.8678], 
 [   -0.6856,   -0.1604,    0.5161], 
 [   -0.8946,   -0.0180,    0.5918]]
[[    0.4474,   -0.3521,   -0.0640], 
 [   -0.8519,    0.2985,    0.7275], 
 [   -0.3865,   -0.9695,   -0.4203]]
[[   -0.2766,    0.3614,   -0.2850], 
 [   -0.8751,    0.0983,    0.7069], 
 [   -0.4728,    0.6155,    0.2238]]
[[    0.6746,    0.6241,   -0.9667], 
 [    0.2854,    0.5695,   -0.5393], 
 [   -0.3124,    0.4662,   -0.4420]]
[[   -0.6784,    0.5408,   -0.8007], 
 [   -0.8890,   -0.0083,   -0.5620], 
 [    0.1761,    0.9111,   -0.5514]]
[[    0.5436,   -0.9863,    0.1810], 
 [   -0.4253,    0.7983,   -0.9934], 
 [   -0.4433,    0.3231,   -0.4667]]
[[    0.2300,   -0.3943,    0.5129], 
 [    0.5100,   -0.5921,   -0.1159], 
 [    0.4853,   -0.3957,   -0.5747]]
[[   -0.9736,    0.2239,   -0.8872], 
 [   -0.8618,   -0.2173,    0.2223], 
 [   -0.7708,    0.2223,   -0.8592]]
[[   -0.6240,    0.6270,    0.2030], 
 [    0.7169,    0.4840,   -0.7208], 
 [   -0.4793,    0.4489,   -0.4375]]
[[   -0.3441,   -0.4871,   -0.7069], 
 [    0.1063,   -0.7343,   -0.4708], 
 [    0.1047,   -0.3232,    0.1357]]
[[   -0.9504,    0.1716,   -0.2467], 
 [   -0.7199,    0.6366,   -0.0239], 
 [    0.6513,    0.4589,   -0.1727]]
[[    0.6747,   -0.5047,   -0.3924], 
 [    0.6617,   -0.4864,    0.7266], 
 [    0.1980,    0.4405,   -0.0587]]
[[   -0.5660,    0.4920,    0.5212], 
 [   -0.4706,   -0.0872,    0.1559], 
 [   -0.5138,   -0.0182,   -0.7085]]
[[   -0.9713,    0.8531,   -0.5101], 
 [    0.8081,   -0.0303,   -0.3505], 
 [    0.4823,   -0.6254,    0.6608]]
[[    0.6370,   -0.5790,   -0.5614], 
 [   -0.0055,   -0.2573,   -0.2877], 
 [   -0.1692,   -0.7431,   -0.6513]]
[[    0.0297,    0.2832,    0.6933], 
 [   -0.5150,    0.3850,   -0.3918], 
 [    0.2457,    0.6886,   -0.8584]]
[[    0.1477,   -0.7396,    0.3145], 
 [   -0.1765,   -0.9652,   -0.2160], 
 [    0.4232,   -0.9412,    0.0523]]
[[   -0.2959,    0.0192,    0.2836], 
 [    0.4306,   -0.5641,   -0.6216], 
 [   -0.0642,    0.7965,   -0.8841]]
[[   -0.5228,   -0.2144,   -0.3345], 
 [    0.3383,   -0.8761,    0.7789], 
 [    0.3650,   -0.6487,    0.2950]]
[[    0.3054,    0.0808,   -0.6691], 
 [    0.3881,    0.1677,   -0.1594], 
 [   -0.1472,    0.6337,    0.6773]]
[[    0.6813,    0.0232,    0.7413], 
 [   -0.6982,    0.9834,   -0.1659], 
 [   -0.9909,    0.0592,   -0.9780]]
[[    0.2845,    0.5878,    0.4746], 
 [   -0.8521,    0.5601,    0.3611], 
 [    0.3158,   -0.3067,    0.1187]]
[[   -0.9950,    0.5730,   -0.3057], 
 [    0.9464,   -0.8288,    0.1618], 
 [   -0.1748,    0.4149,   -0.5314]]
[[   -0.2903,    0.5632,    0.2020], 
 [    0.9315,    0.4302,   -0.4753], 
 [   -0.4552,    0.0059,   -0.4162]]
[[    0.1758,   -0.2550,   -0.2611], 
 [    0.3041,   -0.3461,   -0.7237], 
 [    0.8076,    0.6761,    0.3248]]
[[   -0.8832,    0.3143,    0.8725], 
 [   -0.1277,   -0.0052,    0.8493], 
 [   -0.1244,    0.2159,   -0.8767]]
[[   -0.7675,    0.8575,    0.3498], 
 [   -0.3049,   -0.4476,    0.6464], 
 [    0.3322,   -0.0768,    0.6499]]
[[   -0.1336,   -0.9326,   -0.2730], 
 [    0.0278,    0.3274,   -0.7221], 
 [    0.3026,    0.3231,   -0.9823]]
[[   -0.8791,    0.7717,    0.9382], 
 [   -0.3268,   -0.7337,    0.8441], 
 [    0.2026,   -0.7037,    0.9386]]
[[   -0.9782,    0.5250,    0.2367], 
 [    0.4229,    0.2381,    0.3972], 
 [    0.4866,    0.8308,   -0.9556]]
[[    0.8272,   -0.3106,    0.5583], 
 [    0.4433,   -0.2102,    0.0355], 
 [   -0.2205,    0.3047,    0.6454]]
[[   -0.3094,   -0.4182,    0.9377], 
 [   -0.8984,   -0.3023,    0.8904], 
 [    0.8207,    0.2772,   -0.6037]]
[[    0.2150,    0.7773,    0.6881], 
 [    0.3141,    0.4128,   -0.0662], 
 [   -0.4285,    0.2209,   -0.8231]]
[[   -0.3050,   -0.1399,   -0.4246], 
 [   -0.2510,    0.6665,   -0.6637], 
 [   -0.0592,   -0.5089,   -0.0393]]
[[   -0.9857,    0.1231,    0.3602], 
 [    0.6460,    0.6434,    0.7532], 
 [   -0.9022,   -0.7632,    0.3691]]
[[   -0.1639,   -0.0106,   -0.9334], 
 [   -0.9379,    0.3824,   -0.5846], 
 [   -0.8550,   -0.4150,    0.6611]]
[[   -0.8890,   -0.3258,   -0.6300], 
 [   -0.1583,    0.0295,    0.7840], 
 [   -0.9294,    0.8286,   -0.9772]]
[[    0.2429,    0.7704,   -0.0517], 
 [    0.1677,    0.9114,    0.2514], 
 [   -0.1824,   -0.5053,   -0.4758]]
[[   -0.8355,   -0.8050,    0.1265], 
 [   -0.9723,    0.6000,   -0.0888], 
 [    0.3868,   -0.8575,   -0.4910]]
[[    0.0795,    0.3091,    0.0800], 
 [   -0.2886,    0.6978,    0.1539], 
 [    0.4176,   -0.1936,   -0.5087]]
[[    0.0468,    0.0186,   -0.7879], 
 [   -0.6279,    0.6445,    0.5852], 
 [    0.7583,   -0.7371,    0.8607]]
[[   -0.0704,   -0.2019,    0.1831], 
 [    0.1176,   -0.6029,   -0.3697], 
 [   -0.5203,   -0.6700,    0.9703]]
[[   -0.8185,    0.8834,    0.8822], 
 [   -0.4243,   -0.6427,   -0.3442], 
 [   -0.7646,    0.8345,   -0.7557]]
[[    0.5321,    0.4784,   -0.9029], 
 [    0.4399,   -0.6257,   -0.8688], 
 [    0.9758,   -0.8188,   -0.5013]]
[[   -0.1857,   -0.2161,   -0.3420], 
 [    0.4959,    0.0231,    0.3122], 
 [   -0.0756,   -0.9761,    0.1698]]
[[   -0.8207,    0.1528,   -0.4653], 
 [    0.3049,   -0.3588,   -0.3619], 
 [    0.1878,   -0.5147,   -0.8158]]
[[   -0.0936,   -0.6957,   -0.3756], 
 [   -0.5102,    0.5723,    0.6348], 
 [    0.8453,   -0.5709,    0.1664]]
[[   -0.5629,   -0.1585,    0.6298], 
 [    0.0637,   -0.0898,    0.5748], 
 [   -0.1389,   -0.1525,   -0.1257]]
[[   -0.2616,    0.9798,    0.9759], 
 [    0.7579,   -0.1408,   -0.4805], 
 [    0.4540,   -0.0664,    0.6539]]
[[   -0.8765,   -0.6374,    0.2295], 
 [    0.3046,    0.9795,    0.5599], 
 [    0.0507,    0.6986,   -0.8277]]
[[   -0.3510,    0.9609,    0.3495], 
 [    0.4378,   -0.6136,   -0.1991], 
 [   -0.2827,    0.1945,    0.1159]]
[[   -0.5364,   -0.0537,   -0.0817], 
 [   -0.4844,    0.2984,   -0.3345], 
 [   -0.0587,   -0.0219,    0.7829]]
[[   -0.5789,    0.5752,   -0.7203], 
 [   -0.4220,   -0.4409,   -0.9051], 
 [   -0.1563,   -0.6224,    0.9313]]
[[    0.5670,   -0.1345,    0.0589], 
 [    0.6662,    0.7644,   -0.1527], 
 [    0.5691,   -0.5689,   -0.5178]]
[[    0.6706,   -0.3068,    0.1011], 
 [    0.4579,    0.2415,   -0.5868], 
 [    0.5615,   -0.2113,    0.9536]]
[[    0.8981,   -0.5124,    0.2562], 
 [   -0.2608,    0.3469,   -0.6231], 
 [    0.2876,    0.3166,   -0.1207]]
[[   -0.1466,   -0.5857,   -0.6052], 
 [   -0.5413,    0.3230,   -0.9551], 
 [   -0.9442,   -0.5607,    0.4212]]
[[    0.1180,    0.3121,   -0.2610], 
 [   -0.6167,   -0.2194,   -0.0748], 
 [    0.8790,   -0.5404,   -0.3778]]
[[   -0.0298,    0.1568,   -0.1999], 
 [    0.1866,   -0.6538,   -0.9103], 
 [   -0.1413,    0.4977,    0.4543]]
[[   -0.0828,   -0.7056,   -0.8420], 
 [    0.6074,   -0.5608,    0.5934], 
 [   -0.7889,    0.3822,   -0.2478]]
[[   -0.8096,    0.4063,    0.0896], 
 [   -0.4469,   -0.2604,   -0.2323], 
 [    0.8143,    0.5929,    0.3636]]
[[    0.4357,    0.0589,   -0.4071], 
 [   -0.7933,   -0.3595,   -0.0629], 
 [    0.4782,   -0.5765,   -0.6419]]
[[    0.0618,   -0.8677,   -0.1494], 
 [   -0.2854,   -0.1917,   -0.9507], 
 [   -0.9521,   -0.4772,   -0.5322]]
[[   -0.7673,    0.1307,    0.4719], 
 [    0.9537,   -0.5174,    0.8794], 
 [   -0.5619,    0.1934,    0.8210]]
[[   -0.0237,   -0.8567,   -0.8961], 
 [    0.2118,   -0.0975,    0.9609], 
 [   -0.8517,    0.9705,    0.0257]]
[[   -0.9449,    0.8603,   -0.7079], 
 [   -0.2903,    0.2315,    0.4442], 
 [   -0.8154,    0.9011,    0.8956]]
[[   -0.4204,    0.7558,    0.5768], 
 [   -0.6722,   -0.0985,    0.2883], 
 [   -0.3148,    0.1286,   -0.7327]]
[[    0.8154,    0.7585,    0.1222], 
 [    0.9006,   -0.9707,   -0.7370], 
 [   -0.7176,    0.7640,    0.2574]]
[[   -0.0863,    0.3046,   -0.8965], 
 [   -0.0209,    0.6904,    0.3347], 
 [   -0.9806,   -0.1121,    0.0877]]
[[    0.0675,    0.1032,    0.8614], 
 [   -0.7399,    0.9312,    0.7447], 
 [    0.3772,    0.1479,    0.4065]]
[[    0.5183,   -0.1272,   -0.5827], 
 [    0.6482,    0.2203,    0.3512], 
 [    0.1023,    0.5361,   -0.4044]]
[[    0.1353,    0.2056,    0.0444], 
 [   -0.4364,   -0.9103,    0.2056], 
 [    0.3778,    0.8368,    0.8533]]
[[   -0.6089,   -0.2847,    0.2359], 
 [    0.6750,    0.2741,    0.6102], 
 [   -0.2939,   -0.7095,    0.9380]]
[[   -0.9229,   -0.9205,    0.9479], 
 [   -0.8889,   -0.7484,   -0.0532], 
 [    0.1675,    0.9992,   -0.8836]]
[[    0.6755,   -0.8821,    0.4751], 
 [    0.2522,   -0.4485,   -0.4234], 
 [    0.0808,   -0.1774,    0.3126]]
[[    0.3868,    0.4876,    0.0752], 
 [   -0.0759,   -0.9799,   -0.4490], 
 [   -0.4672,    0.3485,    0.4253]]
[[   -0.0955,    0.7367,    0.2691], 
 [   -0.3299,   -0.8468,   -0.0827], 
 [   -0.7352,   -0.9319,   -0.8363]]
[[    0.2936,   -0.2466,   -0.5443], 
 [    0.6887,    0.8313,   -0.8064], 
 [   -0.9324,    0.6196,    0.2408]]
[[    0.4742,    0.0753,   -0.4664], 
 [   -0.2436,    0.2135,    0.2627], 
 [    0.8817,   -0.1951,    0.7745]]
[[   -0.4643,    0.1531,   -0.9350], 
 [    0.1938,    0.0177,    0.6709], 
 [   -0.3922,    0.9464,    0.3223]]
[[    0.2762,    0.8257,   -0.5120], 
 [   -0.7283,    0.1054,   -0.3263], 
 [   -0.1439,   -0.2009,    0.8985]]
[[   -0.6148,    0.2578,    0.0675], 
 [   -0.1637,   -0.7338,   -0.4600], 
 [   -0.0550,   -0.2249,    0.4456]]
[[    0.7160,    0.8892,    0.9331], 
 [    0.5125,   -0.7044,    0.0160], 
 [    0.5613,   -0.1312,   -0.9152]]
[[    0.6828,    0.9560,    0.3184], 
 [   -0.6771,    0.2541,    0.2820], 
 [   -0.0690,    0.5498,    0.8972]]
[[    0.1043,   -0.4770,    0.4432], 
 [   -0.7750,    0.2742,   -0.7424], 
 [   -0.9961,   -0.6023,   -0.1278]]
[[    0.7905,    0.9398,   -0.1020], 
 [    0.2781,   -0.8374,   -0.1302], 
 [    0.6111,   -0.8813,   -0.7946]]
[[    0.0579,    0.0666,   -0.1587], 
 [   -0.3838,    0.7883,    0.7472], 
 [    0.9672,    0.0479,    0.2046]]
[[   -0.7893,   -0.3074,    0.5764], 
 [   -0.5370,   -0.5478,    0.4485], 
 [    0.7315,    0.3854,    0.4013]]
[[    0.2582,    0.8996,    0.4496], 
 [   -0.2584,   -0.6960,    0.3733], 
 [   -0.0819,    0.3522,    0.9769]]
[[   -0.4354,   -0.8207,    0.5695], 
 [    0.8572,    0.9790,   -0.0359], 
 [   -0.7830,    0.5852,    0.4358]]
[[    0.0051,    0.8774,    0.3718], 
 [    0.7114,    0.9112,    0.2344], 
 [   -0.9719,    0.2880,   -0.4387]]
[[    0.4898,    0.8146,    0.2311], 
 [    0.1567,   -0.1744,    0.1713], 
 [    0.3244,   -0.7767,   -0.3146]]
[[    0.4244,   -0.4289,   -0.6854], 
 [   -0.7626,    0.9625,   -0.0927], 
 [    0.9553,   -0.1829,   -0.9811]]
[[   -0.4583,    0.4110,   -0.6503], 
 [   -0.7685,   -0.2533,   -0.6537], 
 [   -0.1770,    0.4332,    0.1076]]
[[   -0.9360,    0.7194,    0.7506], 
 [    0.2317,   -0.9021,   -0.0304], 
 [   -0.9798,    0.7645,   -0.7545]]
[[   -0.5009,    0.7761,   -0.8082], 
 [   -0.2112,    0.7034,    0.6249], 
 [    0.3416,    0.6085,    0.3030]]
[[   -0.3167,   -0.2383,    0.1718], 
 [    0.9429,    0.9369,    0.2413], 
 [   -0.0413,   -0.3672,    0.8881]]
[[   -0.4021,    0.8123,    0.6618], 
 [    0.6411,   -0.4281,    0.8785], 
 [   -0.0318,   -0.2868,   -0.8222]]
[[    0.3512,   -0.8675,   -0.7131], 
 [   -0.8360,    0.0727,   -0.8856], 
 [    0.3564,   -0.5993,   -0.8214]]
[[    0.6627,    0.2806,   -0.0649], 
 [   -0.5486,   -0.0792,    0.6340], 
 [   -0.7839,    0.8143,    0.1825]]
[[   -0.0870,   -0.4098,   -0.5041], 
 [   -0.0458,    0.6570,    0.5080], 
 [   -0.2244,   -0.4553,   -0.1466]]
[[    0.1277,   -0.0418,   -0.7475], 
 [    0.1095,   -0.0312,   -0.7683], 
 [   -0.1287,   -0.9962,   -0.8719]]
[[    0.4120,    0.7363,   -0.7139], 
 [    0.1738,    0.2217,   -0.1918], 
 [   -0.8643,    0.3041,   -0.2855]]
[[    0.3963,   -0.4369,    0.6002], 
 [    0.7383,    0.0461,   -0.7689], 
 [   -0.7121,   -0.0956,    0.8476]]
[[   -0.5496,   -0.2003,   -0.5497], 
 [    0.9371,   -0.0771,   -0.8709], 
 [    0.5783,    0.3623,    0.9131]]
[[    0.4737,   -0.6227,    0.5912], 
 [   -0.0229,    0.4923,    0.2970], 
 [   -0.0213,   -0.8986,   -0.3551]]
[[   -0.7317,   -0.7357,   -0.8099], 
 [    0.0011,    0.0317,   -0.2265], 
 [   -0.8356,    0.6929,   -0.9798]]
[[    0.4329,    0.6662,    0.7517], 
 [    0.2272,   -0.0707,    0.3225], 
 [    0.4431,   -0.1170,   -0.6313]]
[[   -0.1584,   -0.5744,   -0.5125], 
 [    0.6723,   -0.1615,   -0.9418], 
 [    0.7652,    0.5887,    0.2003]]
[[   -0.9919,   -0.5561,   -0.3089], 
 [    0.0731,    0.9487,    0.4217], 
 [    0.0223,    0.0803,    0.5761]]
[[    0.8333,    0.1403,    0.2754], 
 [   -0.5638,   -0.1886,    0.2510], 
 [   -0.5068,    0.1370,    0.3328]]
[[    0.8271,   -0.7209,    0.3837], 
 [   -0.5841,   -0.3330,    0.3625], 
 [    0.9953,    0.1864,    0.6864]]
[[   -0.2292,    0.5424,    0.8094], 
 [    0.9137,    0.1077,    0.6170], 
 [   -0.8345,    0.1380,   -0.7208]]
[[    0.8093,    0.2668,    0.4392], 
 [    0.9678,   -0.5206,   -0.1068], 
 [    0.4379,   -0.4254,   -0.8527]]
[[    0.6930,   -0.4625,   -0.0018], 
 [   -0.1335,    0.0827,    0.6156], 
 [    0.6153,    0.3949,    0.6819]]
[[   -0.2828,   -0.8487,   -0.8895], 
 [   -0.2684,    0.1083,   -0.2696], 
 [    0.6723,   -0.0277,   -0.2539]]
[[   -0.6595,    0.2299,    0.7893], 
 [   -0.3163,   -0.8199,    0.6243], 
 [   -0.9039,    0.2293,    0.9205]]
[[   -0.5367,    0.3667,   -0.2346], 
 [   -0.2209,    0.2323,   -0.4741], 
 [    0.0764,   -0.5142,    0.6526]]
[[    0.9969,   -0.2590,    0.7223], 
 [    0.3996,   -0.9307,   -0.3111], 
 [    0.4021,    0.9768,    0.0140]]
[[    0.3842,    0.3058,   -0.9327], 
 [   -0.1466,    0.2540,   -0.0042], 
 [    0.9942,    0.5692,   -0.0308]]
[[    0.6858,    0.0595,    0.6449], 
 [    0.9627,   -0.1975,    0.4796], 
 [   -0.6659,   -0.8139,    0.3412]]
[[   -0.6009,   -0.1913,    0.5179], 
 [    0.7914,    0.0250,    0.4180], 
 [    0.4580,    0.4197,    0.3208]]
[[   -0.2915,   -0.2068,    0.9876], 
 [    0.8911,   -0.4413,   -0.2299], 
 [   -0.3889,    0.6989,   -0.1898]]
[[    0.9748,    0.3971,    0.0758], 
 [   -0.8950,   -0.4040,    0.7285], 
 [   -0.8722,    0.3070,   -0.9493]]
[[   -0.3487,    0.0806,    0.8384], 
 [    0.0351,    0.6459,    0.3704], 
 [    0.5288,   -0.0003,   -0.7104]]
[[   -0.6448,    0.1819,   -0.2373], 
 [   -0.2243,   -0.5861,    0.9476], 
 [    0.5227,   -0.9123,   -0.1109]]
[[   -0.1847,    0.8843,   -0.2709], 
 [   -0.1549,    0.0498,    0.6746], 
 [   -0.6521,    0.9321,   -0.7446]]
[[    0.3081,    0.3407,    0.7842], 
 [   -0.1236,   -0.7508,    0.5697], 
 [    0.3208,   -0.5713,    0.7270]]
[[   -0.2911,   -0.9057,    0.5143], 
 [    0.2624,    0.4037,   -0.6195], 
 [   -0.2233,    0.8181,   -0.5736]]
[[    0.1048,    0.3316,   -0.6070], 
 [   -0.6770,   -0.1062,   -0.0572], 
 [    0.7628,   -0.3434,    0.5547]]
[[   -0.7634,   -0.2757,    0.8955], 
 [    0.0897,    0.5593,   -0.3262], 
 [   -0.7787,    0.0112,    0.7701]]
[[    0.6480,   -0.8931,   -0.8435], 
 [    0.2007,    0.0593,    0.3733], 
 [   -0.5374,   -0.7072,    0.2721]]
[[   -0.3815,    0.2341,    0.0181], 
 [    0.8930,    0.4035,    0.3286], 
 [   -0.9206,    0.1906,    0.3921]]
[[    0.3692,    0.1075,   -0.5824], 
 [    0.7555,   -0.3889,    0.5960], 
 [   -0.0354,   -0.4136,    0.4156]]
[[    0.1464,    0.2677,    0.8109], 
 [   -0.5932,   -0.2443,   -0.8341], 
 [   -0.8556,    0.3470,   -0.6620]]
[[   -0.9769,    0.0055,   -0.4844], 
 [    0.4378,   -0.6636,    0.9836], 
 [   -0.0377,   -0.7950,   -0.2137]]
[[    0.4493,    0.3678,   -0.9353], 
 [    0.7150,   -0.7947,   -0.5316], 
 [   -0.7304,    0.8930,    0.6983]]
[[   -0.0051,    0.5166,   -0.9236], 
 [    0.2293,    0.8970,    0.1547], 
 [   -0.6501,   -0.1371,   -0.7274]]
[[   -0.8186,    0.5445,   -0.7195], 
 [   -0.1473,   -0.8487,   -0.8933], 
 [   -0.3037,    0.1646,   -0.5702]]
[[    0.7285,    0.1316,   -0.4391], 
 [   -0.2047,    0.7667,    0.8463], 
 [    0.1913,    0.2951,   -0.9746]]
[[   -0.4792,   -0.3125,   -0.5208], 
 [    0.8249,   -0.0834,    0.8470], 
 [   -0.3445,   -0.5494,    0.1546]]
[[    0.9137,   -0.3506,   -0.9496], 
 [    0.5166,    0.2007,   -0.2945], 
 [   -0.1566,    0.7149,    0.7387]]
[[   -0.3776,   -0.8967,   -0.0472], 
 [    0.3956,    0.0025,   -0.2013], 
 [   -0.2202,    0.4887,   -0.4369]]
[[   -0.0044,   -0.2667,   -0.7136], 
 [    0.8846,    0.1792,   -0.9243], 
 [    0.0094,    0.6588,    0.4908]]
[[    0.5448,   -0.0698,    0.5396], 
 [   -0.4439,   -0.0283,   -0.9855], 
 [   -0.9652,   -0.9509,    0.8687]]
[[    0.1630,   -0.4783,   -0.5674], 
 [   -0.3669,    0.5720,    0.4431], 
 [    0.4176,    0.9004,    0.9888]]
[[   -0.9983,    0.6005,   -0.2550], 
 [    0.7019,   -0.7285,    0.4661], 
 [   -0.0674,   -0.9947,   -0.4603]]
[[   -0.5174,   -0.7749,    0.5605], 
 [   -0.0973,   -0.6269,   -0.1285], 
 [    0.5935,   -0.3289,   -0.1900]]
[[    0.8321,    0.1929,    0.9722], 
 [   -0.2414,    0.0462,    0.0983], 
 [    0.0919,   -0.5111,    0.0926]]
[[   -0.6748,   -0.4432,    0.8724], 
 [    0.9777,    0.7284,   -0.2632], 
 [   -0.9927,   -0.5471,   -0.8245]]
[[    0.8356,    0.4310,   -0.7308], 
 [   -0.6035,    0.5338,    0.2311], 
 [   -0.9253,   -0.2419,   -0.7357]]
[[    0.2123,    0.2849,   -0.7658], 
 [    0.1296,    0.9454,    0.1868], 
 [   -0.3383,   -0.2032,    0.0050]]
[[   -0.2219,    0.0006,    0.3712], 
 [    0.9880,   -0.5940,   -0.2262], 
 [    0.1989,   -0.9845,    0.1340]]
[[   -0.8844,   -0.1659,    0.3302], 
 [    0.9453,    0.9297,   -0.0110], 
 [    0.3347,   -0.6056,    0.5458]]
[[   -0.8139,   -0.0452,    0.1160], 
 [   -0.0380,    0.0475,    0.5650], 
 [   -0.2793,   -0.7377,    0.6766]]
[[    0.8821,    0.0467,   -0.8704], 
 [   -0.5680,   -0.7906,    0.4679], 
 [   -0.4936,   -0.4621,   -0.8001]]
[[    0.0271,    0.3984,    0.4391], 
 [    0.9260,   -0.4724,   -0.4164], 
 [   -0.4093,   -0.5606,    0.3922]]
[[    0.5544,   -0.5511,    0.2458], 
 [   -0.8928,    0.4126,   -0.1589], 
 [   -0.8385,   -0.6398,   -0.3763]]
[[   -0.4027,    0.8591,    0.6080], 
 [   -0.4397,   -0.6417,    0.0951], 
 [   -0.2570,   -0.4251,   -0.1935]]
[[    0.0701,   -0.2338,    0.9830], 
 [    0.2215,   -0.3179,   -0.0655], 
 [    0.7843,   -0.7786,   -0.4792]]
[[   -0.2787,   -0.7931,    0.8280], 
 [   -0.6189,    0.1003,    0.2363], 
 [    0.5845,   -0.2119,    0.1775]]
[[   -0.8305,    0.3463,    0.5824], 
 [    0.9751,   -0.0622,    0.5922], 
 [    0.9529,   -0.6816,   -0.5501]]
[[   -0.3908,   -0.5176,   -0.8143], 
 [    0.5222,   -0.2305,   -0.2558], 
 [   -0.3583,   -0.8837,    0.2323]]
[[    0.7743,   -0.4828,   -0.4775], 
 [    0.9054,    0.3618,   -0.6189], 
 [    0.9178,    0.2453,    0.4989]]
[[   -0.9758,    0.2819,   -0.4204], 
 [    0.5719,   -0.3328,    0.0378], 
 [   -0.9695,    0.9141,    0.4170]]
[[   -0.0082,    0.8336,   -0.8114], 
 [    0.1117,    0.1515,    0.8576], 
 [    0.7377,    0.6264,   -0.1811]]
[[    0.5085,   -0.4705,   -0.0429], 
 [   -1.0000,    0.7889,    0.5937], 
 [    0.9591,    0.6099,    0.3078]]
[[   -0.0377,    0.4733,    0.2176], 
 [   -0.7270,    0.0510,   -0.2257], 
 [    0.1456,    0.1023,   -0.8729]]
[[    0.7542,    0.6281,    0.1852], 
 [   -0.9328,   -0.9314,    0.4167], 
 [   -0.4631,   -0.0492,   -0.4157]]
[[    0.7489,   -0.3756,   -0.7865], 
 [    0.9115,   -0.0940,   -0.5375], 
 [   -0.9553,    0.5354,    0.7203]]
[[   -0.7533,    0.5259,    0.1240], 
 [    0.3497,    0.2424,    0.5935], 
 [   -0.0390,    0.3884,    0.4269]]
[[    0.3316,    0.1280,   -0.0466], 
 [    0.4695,    0.3339,    0.0537], 
 [    0.7770,    0.0378,    0.9037]]
[[   -0.6287,   -0.4623,    0.1261], 
 [   -0.2751,   -0.3836,    0.6535], 
 [   -0.8678,   -0.7018,    0.2507]]
[[    0.5995,    0.7405,    0.9132], 
 [   -0.2628,    0.4463,    0.3267], 
 [   -0.7769,    0.9396,    0.7514]]
[[   -0.4378,   -0.4093,    0.0032], 
 [    0.2095,    0.1601,   -0.7135], 
 [   -0.9618,    0.5268,   -0.6902]]
[[   -0.6476,   -0.5616,    0.8829], 
 [   -0.7671,    0.4856,    0.4603], 
 [    0.0237,   -0.4817,   -0.3511]]
[[    0.8178,    0.5630,   -0.5953], 
 [    0.2784,   -0.5296,    0.3617], 
 [    0.0358,   -0.0573,   -0.4685]]
[[    0.0180,   -0.1557,   -0.9053], 
 [    0.2836,   -0.5686,   -0.3007], 
 [   -0.8386,    0.6484,    0.1652]]
[[    0.2187,   -0.3636,   -0.8548], 
 [   -0.0866,   -0.2644,    0.0587], 
 [    0.3652,    0.7482,   -0.1857]]
[[   -0.1801,    0.3009,    0.0395], 
 [   -0.0793,    0.5749,    0.4775], 
 [   -0.0709,   -0.1272,    0.7111]]
[[   -0.2251,    0.0778,    0.0441], 
 [    0.8085,   -0.9337,   -0.9668], 
 [    0.9374,   -0.6966,   -0.6335]]
[[    0.0131,   -0.2932,    0.6903], 
 [   -0.9641,   -0.8377,   -0.5070], 
 [    0.4919,   -0.2167,    0.4051]]
[[    0.0033,   -0.0278,    0.6931], 
 [    0.9125,    0.6962,   -0.9010], 
 [    0.3209,    0.8923,   -0.8825]]
[[    0.6221,   -0.9917,    0.9155], 
 [    0.4750,   -0.7077,   -0.9935], 
 [   -0.6698,    0.3758,    0.2329]]
[[    0.7431,   -0.5656,    0.7937], 
 [   -0.7414,   -0.3820,   -0.9711], 
 [   -0.2010,   -0.4536,   -0.9091]]
[[   -0.2593,    0.3730,   -0.5226], 
 [    0.4936,    0.0702,    0.6847], 
 [   -0.3091,    0.0092,    0.4960]]
[[   -0.3504,   -0.5510,    0.5492], 
 [   -0.8113,   -0.7354,   -0.7628], 
 [    0.8976,    0.8670,   -0.7340]]
[[    0.2275,    0.4082,   -0.8213], 
 [   -0.0216,   -0.3285,    0.7896], 
 [    0.6012,   -0.1163,    0.6125]]
[[   -0.9268,   -0.6812,   -0.6044], 
 [    0.3917,   -0.2775,   -0.2122], 
 [   -0.3989,   -0.6546,   -0.9666]]
[[    0.7747,    0.3275,    0.8202], 
 [   -0.5518,   -0.4688,   -0.2271], 
 [    0.1688,   -0.7551,   -0.5230]]
[[    0.1763,   -0.2537,    0.1498], 
 [   -0.7349,    0.5140,   -0.9029], 
 [   -0.1231,   -0.5727,    0.0437]]
[[    0.4879,    0.3280,    0.9307], 
 [   -0.3175,   -0.2503,   -0.7494], 
 [   -0.0710,   -0.3456,    0.9825]]
[[   -0.4807,    0.7474,   -0.3754], 
 [   -0.9020,   -0.1186,    0.7084], 
 [   -0.3746,    0.4048,    0.0147]]
[[   -0.1952,    0.4769,    0.4790], 
 [   -0.9627,   -0.5955,   -0.8793], 
 [    0.4161,    0.2383,   -0.8027]]
[[   -0.6901,   -0.7698,   -0.2707], 
 [    0.4076,   -0.5680,   -0.3583], 
 [    0.9517,   -0.0672,    0.9044]]
[[    0.7865,    0.5472,    0.5192], 
 [    0.5240,    0.4827,   -0.0502], 
 [    0.3388,    0.4516,   -0.3933]]
[[   -0.7450,   -0.5883,    0.0826], 
 [   -0.1375,   -0.5921,    0.1948], 
 [    0.9602,   -0.2355,   -0.4423]]
[[   -0.6362,   -0.8926,    0.0076], 
 [    0.5499,   -0.6843,    0.6659], 
 [    0.5699,    0.9581,   -0.7503]]
[[    0.5835,   -0.1337,    0.7960], 
 [    0.8138,    0.2274,   -0.9379], 
 [    0.1149,    0.2545,    0.2750]]
[[    0.2663,   -0.9427,   -0.2350], 
 [    0.0022,   -0.2694,    0.6148], 
 [   -0.7006,   -0.8202,    0.4145]]
[[   -0.6573,    0.5090,    0.1894], 
 [    0.3183,    0.5765,    0.6463], 
 [   -0.3192,   -0.1654,   -0.6657]]
[[    0.3027,   -0.8761,   -0.9541], 
 [   -0.0056,    0.6599,   -0.0642], 
 [    0.3524,   -0.8908,   -0.4344]]
[[   -0.4759,   -0.8671,    0.2487], 
 [   -0.7881,   -0.4531,   -0.7747], 
 [   -0.3419,   -0.5727,    0.9636]]
[[    0.9357,    0.6757,   -0.3127], 
 [    0.0405,   -0.9840,   -0.6312], 
 [   -0.1800,   -0.6261,    0.5829]]
[[   -0.3660,    0.0877,    0.2089], 
 [    0.3182,   -0.8525,   -0.1676], 
 [    0.8552,    0.4404,   -0.0348]]
[[    0.1945,    0.8399,   -0.0711], 
 [   -0.6733,    0.5534,   -0.4113], 
 [   -0.7323,   -0.7293,    0.2772]]
[[   -0.1146,   -0.4250,    0.0370], 
 [   -0.8625,    0.1422,    0.4134], 
 [   -0.0835,   -0.6838,   -0.4030]]
[[    0.7901,   -0.8000,   -0.6924], 
 [    0.9503,    0.9018,    0.1808], 
 [   -0.7756,   -0.3233,    0.0463]]
[[    0.8047,    0.0328,    0.2651], 
 [    0.7593,    0.4539,    0.0364], 
 [    0.9761,    0.7454,    0.6424]]
[[    0.6042,    0.3671,    0.4411], 
 [    0.9154,   -0.4525,    0.7864], 
 [   -0.8366,   -0.8517,    0.8321]]
