DenseLayer@255990cc
Total Parameters{34}
Number of Nodes{2}

Number of Inputs{16}
[[0.00731867009880157, -0.00731867009880157]]

Number of weights{16, 2}

[[-0.11068655761325599, 0.010984050959181427, 0.10800583702183238, -0.12087843599465749, 0.18861275840326022, 0.19869723444202736, 0.18047156031597938, 0.12773942675845873, 0.1301585814986055, 0.1757406889845453, 0.08786144190425603, -0.24010368061964604, 0.20101958798046274, -0.10902451992496355, -0.16312950824542988, -0.19049483991719468, -0.22629539324726475, 0.016155165803102393, -0.08641076736226119, 0.2448552752108493, 0.08333211784482442, 0.026186220810753714, 0.189802367323069, -0.04033655091129357, 0.17257021210265247, -0.2359339538698198, 0.10178613705573049, 0.22152955397020574, -0.19078210076557853, 0.1457658737621031, 0.22897855005864182, -0.02061707677893904]]
