ConvolutionLayer@6ca320ab
Total Parameters{600}
Number of Kernals{24}
Stride {1}
Size of Kernals{5, 5}

Number of Input Channels{1}

Number of Output Channels{24}

Biases{24}
[[2.6052e-6], 
 [1.1008e-6], 
 [1.9625e-6], 
 [-2.6999e-6], 
 [-1.0544e-5], 
 [-2.3197e-6], 
 [-7.2377e-6], 
 [3.0288e-6], 
 [6.815e-6], 
 [6.018e-6], 
 [-4.3136e-6], 
 [5.5315e-6], 
 [1.023e-5], 
 [-1.6511e-5], 
 [5.0191e-6], 
 [1.3584e-6], 
 [7.4431e-6], 
 [-1.4949e-5], 
 [2.1431e-6], 
 [-1.0792e-5], 
 [1.069e-6], 
 [2.8198e-6], 
 [2.0884e-6], 
 [-2.7479e-6]]

Kernal Weights{600}
[[    0.3199,   -0.9378,    0.4588,   -0.0465,   -0.6343], 
 [    0.4266,   -0.2398,   -0.5514,   -0.6105,    0.1512], 
 [    0.0915,    0.5241,   -0.5370,    0.9448,   -0.0695], 
 [   -0.1717,    0.2472,   -0.4999,    0.5360,   -0.4791], 
 [    0.0585,   -0.7893,    0.1752,   -0.2993,   -0.1536]]
[[    0.6884,    0.1119,    0.2385,   -0.0868,    0.8394], 
 [    0.3420,   -0.7312,    0.8803,   -0.3872,    0.6371], 
 [   -0.0042,   -0.6608,    0.6341,   -0.6586,   -0.2495], 
 [    0.9501,   -0.1862,    0.5177,   -0.7015,    0.2711], 
 [    0.7987,   -0.4471,    0.2857,   -0.4310,   -0.3724]]
[[    0.1438,    0.4073,    0.0235,   -0.6552,   -0.3172], 
 [   -0.5961,    0.2948,    0.4781,   -0.4935,    0.2812], 
 [   -0.7533,   -0.7579,   -0.7675,   -0.6811,   -0.2296], 
 [    0.1715,    0.4217,   -0.6275,   -0.8764,   -0.5651], 
 [    0.2246,   -0.2839,   -0.0346,   -0.4629,    0.3083]]
[[    0.2575,   -0.6387,   -0.6699,    0.3806,    0.3414], 
 [    0.4247,   -0.7172,    0.9231,    0.5695,    0.9986], 
 [    0.8465,    0.3792,    0.0301,   -0.2295,    0.3880], 
 [   -0.0515,   -0.7829,    0.5798,    0.6371,    0.4016], 
 [    0.4810,    0.3078,   -0.0702,   -0.1114,   -0.6273]]
[[    0.7321,   -0.4237,   -0.4228,   -0.5577,   -0.0392], 
 [    0.6437,   -0.8658,    0.1752,    0.6832,   -0.8701], 
 [    0.5497,    0.5757,    0.3725,   -0.8958,    0.6602], 
 [   -0.3252,    0.7537,    0.6762,   -0.2339,   -0.3063], 
 [    0.4352,   -0.1330,    0.2362,   -0.0629,   -0.6271]]
[[    0.4273,    0.7148,   -0.3701,   -0.9518,   -0.5790], 
 [    0.5822,   -0.1568,   -0.3446,   -0.9876,   -0.2680], 
 [    0.4418,   -0.6026,    0.3114,    0.3712,   -0.4853], 
 [   -0.9273,   -0.6580,    0.5572,    0.1855,   -0.4736], 
 [    0.2714,   -0.4928,    0.8589,    0.2586,    0.8511]]
[[    0.3010,   -0.0189,    0.5115,   -0.2737,    0.5768], 
 [   -0.7771,   -0.5073,    0.7237,   -0.0018,   -0.3874], 
 [    0.0212,   -0.4823,    0.9064,   -0.3918,   -0.0994], 
 [   -0.7942,   -0.6199,    0.3579,   -0.4701,   -0.8049], 
 [    0.1143,   -0.5602,    0.9011,    0.5878,    0.0717]]
[[    0.3143,    0.0156,    0.7290,    0.5944,    0.3578], 
 [   -0.0483,   -0.0088,   -0.1546,   -0.0938,   -0.6149], 
 [   -0.9959,    0.8393,    0.0164,   -0.8776,    0.5250], 
 [   -0.8950,   -0.1650,   -0.5419,    0.9344,    0.0151], 
 [   -0.6387,   -0.4574,   -0.0523,   -0.7187,    0.1860]]
[[    0.7663,   -0.4472,    0.6945,   -0.6417,   -0.7393], 
 [    0.4053,   -0.7326,   -0.1034,   -0.0274,   -0.0575], 
 [   -0.8207,   -0.3367,    0.5430,   -0.6246,    0.5933], 
 [    0.3609,   -0.8094,    0.3240,   -0.6919,    0.1863], 
 [   -0.8313,    0.3856,    0.4778,   -0.6570,   -0.9865]]
[[    0.1964,    0.1752,   -0.9452,    0.7489,    0.6477], 
 [    0.4431,   -0.0319,   -0.4887,   -0.1454,    0.6747], 
 [    0.9327,   -0.3854,   -0.8243,    0.6378,   -0.0057], 
 [    0.0127,    0.1416,    0.2775,    0.1782,    0.3020], 
 [   -0.4936,    0.5472,   -0.8979,    0.9398,   -0.2181]]
[[   -0.0456,   -0.1793,    0.1943,   -0.3816,   -0.7599], 
 [    0.4199,   -0.4996,    0.1644,   -0.3254,   -0.1794], 
 [    0.3355,    0.1570,    0.8335,   -0.9741,   -0.4780], 
 [   -0.0944,   -0.6317,    0.6085,   -0.0307,    0.5528], 
 [   -0.6801,    0.6299,    0.2053,    0.0556,    0.7903]]
[[    0.3586,    0.8485,   -0.8442,   -0.5583,    0.1908], 
 [   -0.8935,   -0.6977,    0.1909,    0.9883,   -0.1769], 
 [   -0.0386,    0.7543,    0.6689,   -0.8782,   -0.9899], 
 [    0.1982,    0.3591,    0.7990,   -0.9345,    0.5717], 
 [    0.6602,   -0.2308,    0.4678,   -0.1518,    0.6488]]
[[   -0.4560,    0.4039,   -0.0823,    0.1306,   -0.4395], 
 [   -0.8309,    0.1497,   -0.6330,   -0.5628,    0.9257], 
 [   -0.8042,   -0.0333,    0.7378,   -0.4919,   -0.8775], 
 [    0.0151,    0.6521,   -0.2413,    0.6934,   -0.4058], 
 [    0.1828,   -0.2909,    0.7036,   -0.1657,   -0.1445]]
[[    0.5007,   -0.3829,   -0.6347,    0.7755,   -0.6307], 
 [    0.4492,    0.6416,   -0.0728,    0.2280,   -0.1768], 
 [    0.9589,   -0.0025,    0.4561,   -0.5536,   -0.7737], 
 [   -0.2369,   -0.6888,    0.8723,   -0.4877,   -0.9439], 
 [   -0.9025,    0.3240,    0.2698,    0.6827,    0.6544]]
[[   -0.3747,   -0.2913,    0.3439,    0.0501,   -0.1751], 
 [   -0.7113,    0.4976,   -0.5386,   -0.0077,    0.5526], 
 [   -0.5077,    0.1458,    0.7976,   -0.4486,    0.7569], 
 [   -0.8934,   -0.9558,    0.0669,    0.8394,   -0.3645], 
 [   -0.9291,   -0.5290,   -0.7550,   -0.7483,    0.1135]]
[[   -0.3870,   -0.4357,    0.7082,   -0.9138,   -0.5704], 
 [    0.2247,    0.7651,    0.0710,    0.0975,    0.3231], 
 [   -0.8900,    0.7377,   -0.4716,   -0.4884,    0.5875], 
 [    0.4428,    0.7429,    0.6226,   -0.8733,    0.2898], 
 [    0.2122,   -0.1329,    0.1085,    0.5115,   -0.2962]]
[[   -0.2295,    0.9003,    0.8388,    0.2868,    0.8074], 
 [   -0.8198,   -0.9151,    0.2208,    0.6507,   -0.7106], 
 [    0.1846,   -0.7362,   -0.6814,    0.3629,    0.0921], 
 [    0.5315,    0.1556,    0.2682,    0.5648,   -0.4561], 
 [    0.5452,    0.5053,   -0.3228,    0.3074,    0.5118]]
[[   -0.9054,   -0.8624,    0.3903,   -0.0213,   -0.7464], 
 [    0.9275,    0.7949,    0.3364,   -0.8231,    0.6370], 
 [    0.1759,   -0.8104,    0.5969,    0.9377,    0.4111], 
 [    0.6834,    0.9607,    0.1252,   -0.1071,   -0.3601], 
 [    0.0541,   -0.6544,    0.0283,   -0.1154,    0.6807]]
[[    0.2358,   -0.6197,   -0.3813,    0.5967,    0.0201], 
 [    0.6513,   -0.5417,   -0.6424,   -0.1585,    0.2679], 
 [   -0.1625,    0.9121,    0.0550,    0.7345,   -0.0974], 
 [    0.8586,   -0.4537,    0.0933,   -0.2818,    0.1090], 
 [    0.7410,    0.8540,   -0.3776,    0.3911,   -0.0817]]
[[    0.5826,    0.9300,   -0.5325,   -0.3325,   -0.0419], 
 [    0.8192,   -0.7125,    0.8925,   -0.4349,   -0.8077], 
 [    0.3348,   -0.3553,   -0.0540,    0.6060,    0.4103], 
 [   -0.7663,    0.5056,   -0.0962,   -0.2380,    0.5693], 
 [   -0.2371,    0.1510,   -0.9467,   -0.5130,    0.1092]]
[[   -0.3835,    0.0009,    0.9379,    0.7761,   -0.8760], 
 [    0.6726,    0.3375,   -0.9870,   -0.0921,    0.4350], 
 [    0.1466,   -0.3676,   -0.7453,   -0.6957,    0.7688], 
 [    1.0003,    0.6955,   -0.9233,   -0.7456,   -0.6621], 
 [   -0.7245,   -0.9692,    0.9660,    0.7472,    0.5082]]
[[   -0.7917,    0.3630,   -0.2204,    0.0448,   -0.6678], 
 [   -0.6500,    0.5525,   -0.2229,   -0.7203,   -0.7103], 
 [   -0.5815,   -0.8626,   -0.3239,   -0.3308,   -0.9511], 
 [   -0.3207,    0.6650,    0.6870,    0.3779,    0.6956], 
 [   -0.7882,    0.5669,   -0.6465,   -0.4349,    0.3722]]
[[   -0.7223,   -0.3451,    0.8209,   -0.0973,    0.5273], 
 [    0.6471,    0.5132,    0.3120,   -0.6283,   -0.3095], 
 [   -0.6877,   -0.0380,   -0.3757,   -0.3403,   -0.9320], 
 [   -0.7613,   -0.6781,    0.0041,   -0.9863,    0.9289], 
 [   -0.0195,   -0.9809,   -0.3408,   -0.0662,    0.0881]]
[[    0.1381,    0.5899,    0.2571,   -0.6477,   -0.0306], 
 [    0.7909,    0.7716,   -0.4225,    0.6306,    0.9924], 
 [   -0.2585,    0.7550,   -0.5923,    0.4918,   -0.7655], 
 [    0.9055,   -0.7515,    0.4295,    0.6646,   -0.4528], 
 [   -0.2646,   -0.8823,   -0.4844,   -0.7221,    0.1995]]
