ConvolutionLayer@26f143ed
Total Parameters{3024}
Number of Kernals{336}
Stride {1}
Size of Kernals{3, 3}

Number of Input Channels{24}

Number of Output Channels{14}

Biases{14}
[[3.1851e-5], 
 [3.1183e-6], 
 [1.2689e-5], 
 [-1.3758e-5], 
 [-1.0232e-6], 
 [0], 
 [-1.8056e-5], 
 [-2.7168e-7], 
 [8.8557e-7], 
 [-2.9645e-5], 
 [-6.9061e-5], 
 [-4.3179e-6], 
 [1.2172e-5], 
 [-7.9329e-6]]

Kernal Weights{3024}
[[   -0.8909,    0.9846,   -0.1198], 
 [    0.4968,   -0.0092,    0.7647], 
 [    0.6186,    0.5531,   -0.4461]]
[[    0.4393,    0.9333,   -0.7328], 
 [    0.9583,   -0.8686,   -0.3680], 
 [    0.6020,    0.7739,   -0.0993]]
[[   -0.1633,   -0.2178,    0.3784], 
 [   -0.8471,   -0.5482,   -0.6208], 
 [   -0.9127,   -0.1549,    0.7191]]
[[   -0.2138,   -0.4001,    0.6367], 
 [   -0.4462,   -0.9258,    0.8846], 
 [   -0.7131,   -0.2287,   -0.4364]]
[[    0.4502,   -0.3947,   -0.9203], 
 [    0.5551,   -0.8922,   -0.9850], 
 [    0.7488,    0.6399,    0.7878]]
[[    0.4250,   -0.7501,    0.7403], 
 [   -0.2445,   -0.4924,   -0.1656], 
 [    0.6281,   -0.3494,    0.7071]]
[[   -0.9781,   -0.9633,   -0.8148], 
 [    0.3531,   -0.7394,    0.6894], 
 [    0.0382,   -0.9076,    0.6607]]
[[    0.5709,   -0.4866,    0.5419], 
 [   -0.3838,    0.5940,   -0.1273], 
 [    0.5133,    0.3850,    0.4466]]
[[   -0.1063,   -0.5200,   -0.7504], 
 [    0.8549,    0.1730,    0.0419], 
 [   -0.2472,   -0.2505,   -0.0285]]
[[   -0.9315,   -0.3205,   -0.0899], 
 [   -0.0183,    0.9213,   -0.0470], 
 [    0.5255,    0.2967,   -0.2895]]
[[    0.4278,    0.8296,    0.0850], 
 [    0.8800,   -0.3391,   -0.5391], 
 [    0.9828,   -0.4113,   -0.8037]]
[[    0.5280,    0.0656,   -0.6617], 
 [   -0.3690,    0.4957,    0.4121], 
 [   -0.9280,   -0.2142,    0.9537]]
[[   -0.2752,    0.6005,   -0.3190], 
 [   -0.9148,    0.2625,    0.5939], 
 [    0.6892,    0.2342,    0.4142]]
[[    0.6374,    0.2407,   -0.6540], 
 [   -0.3466,    0.8656,   -0.2417], 
 [    0.2554,    0.3185,   -0.4374]]
[[   -0.8808,   -0.1882,   -0.3027], 
 [    0.7653,    0.8687,   -0.3537], 
 [    0.2232,    0.4002,    0.6671]]
[[    0.0210,    0.2469,    0.7618], 
 [    0.9900,   -0.3460,    0.8110], 
 [   -0.7488,    0.9868,    0.6661]]
[[   -0.8763,    0.2179,    0.5774], 
 [    0.8744,   -0.9756,    0.4507], 
 [   -0.6416,    0.5326,    0.6245]]
[[   -0.5645,    0.7023,   -0.6717], 
 [   -0.4670,    0.8302,    0.5505], 
 [   -0.0513,    0.5844,   -0.2201]]
[[    0.8300,    0.8460,   -0.1557], 
 [   -0.3248,   -0.8280,    0.9799], 
 [   -0.2045,   -0.2538,   -0.3370]]
[[   -0.7513,    0.0984,   -0.5147], 
 [   -0.2669,   -0.9112,    0.0632], 
 [   -0.6855,   -0.0386,    0.2946]]
[[   -0.9133,   -0.8630,    0.5802], 
 [   -0.5119,   -0.3074,   -0.5524], 
 [    0.7571,   -0.1272,    0.5270]]
[[   -0.4476,    0.3657,   -0.0845], 
 [   -0.3057,    0.0786,    0.8714], 
 [   -0.5852,    0.1456,    0.4727]]
[[    0.2209,    0.0567,    0.4957], 
 [    0.4451,    0.1583,    0.0067], 
 [    0.5927,   -0.5602,   -0.7087]]
[[    0.3384,   -0.5489,    0.1203], 
 [   -0.6258,   -0.8235,   -0.2587], 
 [    0.5860,   -0.1971,   -0.6745]]
[[   -0.0656,   -0.4126,    0.1042], 
 [    0.8290,    0.3999,   -0.6634], 
 [    0.3213,   -0.5566,   -0.6924]]
[[   -0.2835,    0.6444,   -0.6912], 
 [   -0.0169,   -0.3783,    0.3622], 
 [   -0.7487,   -0.4427,   -0.0050]]
[[    0.2687,   -0.9244,   -0.8180], 
 [    0.7080,    0.0388,   -0.9973], 
 [    0.8779,   -0.1486,    0.7730]]
[[   -0.0567,   -0.8397,   -0.7656], 
 [    0.8693,    0.7022,    0.9956], 
 [   -0.0626,    0.7399,    0.3972]]
[[   -0.6647,    0.5834,    0.4612], 
 [    0.4042,   -0.4658,    0.7247], 
 [    0.4143,   -0.0737,    0.2616]]
[[    0.1485,    0.1881,    0.9643], 
 [   -0.8142,    0.2396,   -0.3961], 
 [   -0.1242,    0.6726,   -0.3624]]
[[   -0.4478,   -0.0154,    0.0010], 
 [   -0.6802,   -0.4536,    0.7871], 
 [    0.2134,   -0.0042,   -0.6123]]
[[    0.1617,   -0.4234,   -0.7717], 
 [    0.1162,    0.6978,   -0.1000], 
 [   -0.9538,    0.5732,   -0.2162]]
[[    0.4228,    0.9814,    0.3223], 
 [   -0.6176,    0.8545,    0.4590], 
 [   -0.5945,   -0.4103,    0.3147]]
[[    0.2275,    0.4871,    0.0074], 
 [    0.3347,   -0.8527,   -0.6904], 
 [    0.7140,   -0.0927,    0.0595]]
[[   -0.9697,    0.1906,    0.6306], 
 [    0.6902,   -0.9431,    0.9660], 
 [    0.4023,    0.5782,   -0.7320]]
[[    0.9113,    0.8302,    0.8825], 
 [    0.1272,   -0.8622,    0.5568], 
 [    0.5782,    0.1495,    0.2849]]
[[    0.0198,    0.0243,    0.4085], 
 [   -0.4040,    0.8335,   -0.7926], 
 [   -0.6696,   -0.3498,    0.9441]]
[[   -0.9711,   -0.1120,   -0.1360], 
 [    0.9592,   -0.0578,   -0.4878], 
 [   -0.0427,   -0.3235,    0.9809]]
[[    0.4886,    0.4421,   -0.2936], 
 [   -0.2640,   -0.5449,    0.9360], 
 [   -0.6768,    0.2183,    0.7257]]
[[    0.5581,    0.1669,    0.6926], 
 [   -0.4311,    0.0132,    0.3140], 
 [   -0.4436,    0.3557,    0.1214]]
[[    0.3147,    0.1177,    0.5201], 
 [    0.4569,    0.3177,    0.7512], 
 [    0.6557,    0.5608,   -0.8499]]
[[   -0.7073,   -0.2553,    0.7325], 
 [   -0.6940,   -0.1980,    0.5249], 
 [   -0.1909,   -0.7908,   -0.1709]]
[[   -0.7091,   -0.4644,   -0.1732], 
 [   -0.8045,   -0.9463,   -0.8679], 
 [    0.7259,    0.9560,    0.9117]]
[[   -0.5116,   -0.9875,   -0.3059], 
 [   -0.2653,    0.0571,   -0.7559], 
 [   -0.4140,    0.8090,    0.9641]]
[[   -0.6384,    0.7724,   -0.0262], 
 [    0.0974,    0.9617,   -0.4859], 
 [    0.9523,    0.0337,   -0.1602]]
[[   -0.7065,    0.0707,    0.5271], 
 [    0.5948,    0.6075,    0.3841], 
 [    0.9912,   -0.6610,    0.5374]]
[[    0.3246,   -0.0881,   -0.9416], 
 [   -0.6777,    0.4256,    0.4508], 
 [   -0.9796,    0.1853,   -0.5596]]
[[   -0.3637,    0.7486,    0.4164], 
 [    0.1913,    0.4833,    0.6040], 
 [    0.3423,   -0.1085,    0.1445]]
[[    0.7100,    0.2024,   -0.6595], 
 [    0.7682,    0.1219,   -0.7747], 
 [    0.4020,   -0.8758,    0.4866]]
[[    0.1819,   -0.5359,    0.2460], 
 [   -0.8177,    0.5972,    0.2210], 
 [   -0.6321,   -0.0605,    0.4341]]
[[    0.0285,   -0.7639,    0.2882], 
 [   -0.4392,    0.3421,    0.5222], 
 [    0.8233,    0.5926,   -0.7062]]
[[   -0.4929,   -0.7549,   -0.1896], 
 [   -0.6565,   -0.5322,    0.4078], 
 [    0.7695,   -0.8882,    0.2686]]
[[    0.1938,   -0.0582,    0.0023], 
 [    0.5456,   -0.0647,   -0.7223], 
 [   -0.9745,    0.5660,   -0.6852]]
[[    0.9233,   -0.6452,   -0.6380], 
 [   -0.7960,    0.5005,   -0.4199], 
 [   -0.9490,   -0.2633,   -0.6715]]
[[   -0.6373,    0.3963,   -0.9374], 
 [    0.7636,   -0.7398,    0.6078], 
 [    0.6913,   -0.5663,   -0.1504]]
[[   -0.8618,    0.1105,    0.5586], 
 [   -0.0323,   -0.1906,    0.4536], 
 [   -0.2188,   -0.1255,   -0.0182]]
[[    0.3870,   -0.0303,    0.4560], 
 [   -0.3193,   -0.8947,    0.3080], 
 [    0.2033,   -0.3972,   -0.6558]]
[[    0.6564,   -0.3697,    0.7462], 
 [   -0.3385,    0.6441,    0.0439], 
 [    0.0452,   -0.1132,    0.2430]]
[[    0.1325,   -0.1631,    0.5990], 
 [    0.6814,   -0.2915,    0.2443], 
 [    0.7742,   -0.5341,   -0.8765]]
[[    0.6368,   -0.6740,   -0.9867], 
 [   -0.6320,   -0.7880,    0.1677], 
 [    0.9321,   -0.3257,    0.4387]]
[[    0.6319,   -0.6516,    0.5607], 
 [    0.6118,   -0.3832,    0.8377], 
 [    0.6847,    0.0939,    0.6563]]
[[   -0.5016,   -0.3779,    0.9494], 
 [    0.2712,   -0.4992,   -0.2612], 
 [    0.6269,   -0.5847,    0.0423]]
[[    0.6969,    0.1059,   -0.3930], 
 [   -0.9416,   -0.1848,    0.4928], 
 [   -0.5731,    0.2696,    0.4994]]
[[   -0.5599,   -0.5408,   -0.8200], 
 [   -0.7362,   -0.0440,    0.4712], 
 [   -0.4977,   -0.5145,   -0.8144]]
[[    0.6457,    0.1480,    0.9637], 
 [   -0.4370,   -0.9739,    0.3971], 
 [    0.6005,   -0.6292,   -0.0252]]
[[   -0.8412,   -0.9230,    0.1906], 
 [   -0.5810,   -0.6681,   -0.7330], 
 [    0.9872,   -0.0759,    0.1941]]
[[    0.3117,    0.6417,    0.2300], 
 [   -0.5242,    0.7761,    0.6332], 
 [   -0.2202,    0.3148,   -0.8921]]
[[   -0.7323,   -0.0110,    0.6443], 
 [   -0.2526,    0.3591,   -0.4749], 
 [   -0.2714,    0.6613,    0.5937]]
[[    0.7043,    0.5430,    0.8205], 
 [    0.9409,    0.2688,   -0.5161], 
 [    0.1996,    0.4223,    0.2615]]
[[    0.4985,    0.2426,   -0.6907], 
 [   -0.5001,   -0.8599,   -0.5773], 
 [   -0.6062,   -0.7678,   -0.7178]]
[[    0.5169,   -0.6409,   -0.0396], 
 [   -0.7322,   -0.4758,   -0.5226], 
 [    0.1326,   -0.8768,    0.7744]]
[[   -0.1321,   -0.5768,    0.1277], 
 [    0.7055,    0.3734,   -0.3316], 
 [    0.5174,    0.0345,   -0.2513]]
[[   -0.8354,    0.3828,    0.5986], 
 [   -0.7019,   -0.9922,    0.9303], 
 [   -0.9823,   -0.6368,   -0.5775]]
[[    0.1925,    0.5094,    0.1321], 
 [   -0.3800,    0.9962,    0.6759], 
 [   -0.8757,    0.6254,   -0.4554]]
[[    0.9004,    0.4085,    0.7204], 
 [    0.3178,    0.1004,   -0.8881], 
 [   -0.3142,   -0.8310,    0.0182]]
[[   -0.8880,    0.8553,   -0.5379], 
 [    0.9776,   -0.0723,   -0.8570], 
 [   -0.1045,    0.0898,    0.7755]]
[[    0.6776,   -0.7388,    0.2532], 
 [   -0.4773,   -0.5539,    0.7955], 
 [   -0.0062,   -0.1625,    0.4361]]
[[   -0.9855,   -0.8367,   -0.7873], 
 [   -0.8305,    0.9685,   -0.1727], 
 [   -0.2471,    0.2334,   -0.3058]]
[[   -0.6880,    0.6172,    0.4405], 
 [    0.3214,   -0.7258,   -0.1822], 
 [   -0.4206,    0.7603,    0.9421]]
[[   -0.2543,   -0.6175,   -0.8096], 
 [    0.1986,   -0.8054,   -0.7133], 
 [   -0.3213,   -0.9270,    0.9578]]
[[   -0.1532,   -0.8405,    0.3694], 
 [    0.1140,   -0.7559,   -0.2473], 
 [   -0.3318,    0.0211,   -0.7637]]
[[   -0.0742,   -0.2647,    0.7244], 
 [    0.1067,    0.3625,    0.4962], 
 [   -0.0008,   -0.3016,   -0.4320]]
[[   -0.8378,    0.5714,   -0.5543], 
 [    0.2190,   -0.1551,    0.1900], 
 [    0.4871,    0.0579,    0.0438]]
[[    0.1786,   -0.6130,    0.7293], 
 [    0.7635,    0.8460,   -0.2269], 
 [    0.3814,   -0.2910,    0.7136]]
[[   -0.7049,   -0.9209,    0.9825], 
 [    0.9008,    0.6977,    0.1096], 
 [    0.0284,    0.2057,   -0.4793]]
[[   -0.8673,   -0.8127,    0.4276], 
 [    0.9594,    0.7740,   -0.8573], 
 [   -0.6976,    0.7674,    0.7503]]
[[    0.8059,    0.0581,   -0.2838], 
 [    0.9036,    0.7228,    0.0337], 
 [    0.1084,    0.6254,    0.9696]]
[[    0.0872,    0.1013,   -0.9355], 
 [   -0.3235,   -0.4378,   -0.8057], 
 [    0.2447,    0.8192,    0.4918]]
[[    0.1327,   -0.2376,   -0.2817], 
 [   -0.5996,    0.6895,   -0.9281], 
 [   -0.1854,   -0.4146,   -0.6847]]
[[   -0.4414,    0.7099,   -0.9343], 
 [   -0.5169,   -0.4471,   -0.7850], 
 [   -0.4570,    0.7124,   -0.7553]]
[[    0.1959,   -0.3509,   -0.2999], 
 [   -0.9468,    0.3913,   -0.4845], 
 [    0.7886,    0.4344,    0.0362]]
[[   -0.7142,   -0.9340,    0.3172], 
 [    0.1392,   -0.4372,   -0.1958], 
 [   -0.5771,   -0.4399,    0.9847]]
[[    0.6565,    0.5611,   -0.3508], 
 [   -0.8648,    0.0519,   -0.3385], 
 [   -0.8497,   -0.1869,    0.5708]]
[[   -0.2053,    0.3076,    0.3242], 
 [   -0.2711,    0.7015,    0.6724], 
 [    0.8988,    0.5697,   -0.5220]]
[[   -0.0170,    0.6119,    0.7274], 
 [   -0.0376,   -0.3386,    0.2340], 
 [   -0.7790,   -0.8910,   -0.0291]]
[[    0.3490,   -0.8611,    0.1686], 
 [    0.6871,    0.7548,   -0.4188], 
 [    0.8506,   -0.7484,    0.6805]]
[[   -0.2446,   -0.1873,   -0.1981], 
 [    0.6741,   -0.0363,    0.7919], 
 [   -0.7647,    0.1512,    0.3600]]
[[    0.4935,    0.4924,   -0.4596], 
 [    0.8273,   -0.0498,    0.6481], 
 [    0.7177,    0.0970,   -0.5193]]
[[    0.0460,    0.0071,   -0.6789], 
 [    0.6130,    0.7325,    0.3892], 
 [    0.7062,    0.3595,   -0.2542]]
[[   -0.2202,   -0.4677,    0.1202], 
 [   -0.5807,    0.2290,   -0.0869], 
 [   -0.8962,    0.8166,    0.7265]]
[[    0.9691,    0.6948,   -0.3605], 
 [   -0.0637,    0.7689,   -0.5663], 
 [    0.5162,    0.6161,    0.3232]]
[[    0.4146,   -0.5614,    0.7475], 
 [   -0.7812,   -0.1950,   -0.6893], 
 [   -0.5197,    0.0456,    0.9286]]
[[    0.0550,    0.8638,    0.6928], 
 [    0.8830,    0.5281,   -0.9492], 
 [   -0.2220,    0.0288,    0.6314]]
[[   -0.8460,   -0.9830,    0.8522], 
 [    0.4145,    0.2733,   -0.8194], 
 [   -0.3350,    0.7218,   -0.6612]]
[[   -0.5844,    0.4201,   -0.9959], 
 [    0.3543,   -0.8081,    0.5135], 
 [    0.2514,   -0.5985,   -0.0920]]
[[   -0.1494,    0.7198,   -0.6697], 
 [   -0.7418,    0.7017,   -0.8948], 
 [   -0.5656,   -0.1103,    0.8979]]
[[    0.1110,    0.6326,    0.5782], 
 [    0.7807,   -0.9976,   -0.3390], 
 [   -0.8284,    0.9771,    0.6505]]
[[    0.6216,   -0.1022,   -0.4400], 
 [    0.8189,    0.8550,   -0.7152], 
 [   -0.5664,   -0.9946,    0.5670]]
[[    0.8908,   -0.1026,   -0.9752], 
 [   -0.1208,   -0.6695,    0.2537], 
 [   -0.3167,   -0.9408,    0.6710]]
[[    0.0480,   -0.5940,   -0.4220], 
 [   -0.8392,    0.0791,   -0.5144], 
 [   -0.6882,   -0.5258,    0.6726]]
[[    0.7214,    0.7476,   -0.8097], 
 [    0.8621,   -0.3297,    0.3512], 
 [    0.0392,    0.1139,   -0.5290]]
[[    0.4047,    0.6181,   -0.9716], 
 [    0.2395,   -0.4450,   -0.2578], 
 [   -0.9721,   -0.5618,   -0.9093]]
[[    0.3523,   -0.5099,   -0.7300], 
 [    0.5220,   -0.9854,   -0.0109], 
 [    0.1606,    0.4292,   -0.5717]]
[[   -0.6391,    0.6971,    0.7497], 
 [    0.0798,    0.1584,   -0.9967], 
 [    0.6656,    0.2058,    0.7277]]
[[    0.4696,    0.0962,    0.5593], 
 [   -0.3808,   -0.0012,    0.4198], 
 [    0.1374,    0.3293,   -0.5163]]
[[   -0.4980,    0.9745,    0.4857], 
 [   -0.8939,   -0.6279,    0.3954], 
 [    0.4926,    0.2175,   -0.0513]]
[[   -0.3025,    0.3833,    0.0719], 
 [   -0.8855,    0.1474,    0.1805], 
 [    0.4752,    0.1300,   -0.6272]]
[[    0.3990,   -0.4618,   -0.1139], 
 [   -0.2314,   -0.4992,    0.1545], 
 [   -0.1831,   -0.6342,    0.1070]]
[[    0.5708,   -0.5682,    0.7764], 
 [   -0.4759,   -0.5442,    0.3806], 
 [   -0.7359,    0.7792,    0.2780]]
[[    0.6962,    0.7911,   -0.2272], 
 [   -0.5570,    0.4736,    0.9792], 
 [    0.3576,   -0.3297,   -0.4071]]
[[    0.2889,    0.2255,    0.3730], 
 [   -0.6863,   -0.5131,    0.3230], 
 [    0.4342,    0.5632,    0.4528]]
[[   -0.8179,   -0.2962,    0.5751], 
 [    0.7345,   -0.9673,   -0.2199], 
 [    0.1612,   -0.0902,    0.8572]]
[[    0.2005,    0.3500,   -0.2280], 
 [    0.6470,   -0.9660,   -0.6132], 
 [    0.6338,   -0.9611,   -0.9502]]
[[   -0.8419,    0.6313,   -0.7621], 
 [    0.1293,   -0.0076,   -0.1880], 
 [   -0.3276,   -0.6023,    0.4834]]
[[   -0.0002,    0.1839,    0.6680], 
 [    0.4928,    0.9607,   -0.2835], 
 [    0.2246,    0.8132,   -0.7747]]
[[   -0.5480,    0.7142,    0.1027], 
 [    0.0793,    0.1266,    0.9729], 
 [    0.6561,   -0.3081,   -0.1312]]
[[    0.9833,   -0.6705,   -0.8678], 
 [   -0.6857,   -0.1605,    0.5161], 
 [   -0.8946,   -0.0180,    0.5918]]
[[    0.4474,   -0.3521,   -0.0640], 
 [   -0.8519,    0.2985,    0.7275], 
 [   -0.3865,   -0.9695,   -0.4203]]
[[   -0.2766,    0.3614,   -0.2850], 
 [   -0.8751,    0.0983,    0.7069], 
 [   -0.4728,    0.6155,    0.2238]]
[[    0.6746,    0.6241,   -0.9667], 
 [    0.2854,    0.5695,   -0.5393], 
 [   -0.3124,    0.4662,   -0.4420]]
[[   -0.6785,    0.5408,   -0.8007], 
 [   -0.8890,   -0.0083,   -0.5620], 
 [    0.1761,    0.9111,   -0.5514]]
[[    0.5436,   -0.9863,    0.1810], 
 [   -0.4253,    0.7983,   -0.9934], 
 [   -0.4433,    0.3231,   -0.4667]]
[[    0.2300,   -0.3943,    0.5129], 
 [    0.5100,   -0.5921,   -0.1159], 
 [    0.4853,   -0.3957,   -0.5747]]
[[   -0.9736,    0.2239,   -0.8872], 
 [   -0.8618,   -0.2173,    0.2223], 
 [   -0.7708,    0.2223,   -0.8592]]
[[   -0.6240,    0.6270,    0.2030], 
 [    0.7169,    0.4840,   -0.7209], 
 [   -0.4793,    0.4489,   -0.4375]]
[[   -0.3441,   -0.4871,   -0.7069], 
 [    0.1063,   -0.7343,   -0.4708], 
 [    0.1047,   -0.3232,    0.1357]]
[[   -0.9504,    0.1716,   -0.2467], 
 [   -0.7199,    0.6365,   -0.0239], 
 [    0.6513,    0.4589,   -0.1727]]
[[    0.6747,   -0.5047,   -0.3924], 
 [    0.6617,   -0.4864,    0.7266], 
 [    0.1980,    0.4405,   -0.0587]]
[[   -0.5660,    0.4920,    0.5212], 
 [   -0.4706,   -0.0872,    0.1559], 
 [   -0.5138,   -0.0182,   -0.7085]]
[[   -0.9713,    0.8531,   -0.5101], 
 [    0.8081,   -0.0303,   -0.3505], 
 [    0.4823,   -0.6254,    0.6608]]
[[    0.6370,   -0.5790,   -0.5614], 
 [   -0.0055,   -0.2573,   -0.2877], 
 [   -0.1692,   -0.7431,   -0.6513]]
[[    0.0296,    0.2832,    0.6933], 
 [   -0.5150,    0.3850,   -0.3918], 
 [    0.2457,    0.6886,   -0.8584]]
[[    0.1477,   -0.7396,    0.3145], 
 [   -0.1766,   -0.9652,   -0.2160], 
 [    0.4232,   -0.9412,    0.0523]]
[[   -0.2959,    0.0192,    0.2836], 
 [    0.4306,   -0.5641,   -0.6216], 
 [   -0.0642,    0.7965,   -0.8841]]
[[   -0.5223,   -0.2137,   -0.3339], 
 [    0.3391,   -0.8752,    0.7793], 
 [    0.3659,   -0.6479,    0.2958]]
[[    0.3060,    0.0812,   -0.6690], 
 [    0.3887,    0.1679,   -0.1589], 
 [   -0.1465,    0.6343,    0.6778]]
[[    0.6823,    0.0246,    0.7424], 
 [   -0.6967,    0.9849,   -0.1649], 
 [   -0.9893,    0.0608,   -0.9765]]
[[    0.2848,    0.5881,    0.4748], 
 [   -0.8521,    0.5604,    0.3616], 
 [    0.3160,   -0.3062,    0.1192]]
[[   -0.9946,    0.5735,   -0.3056], 
 [    0.9471,   -0.8283,    0.1623], 
 [   -0.1739,    0.4159,   -0.5308]]
[[   -0.2898,    0.5638,    0.2028], 
 [    0.9325,    0.4313,   -0.4744], 
 [   -0.4540,    0.0068,   -0.4153]]
[[    0.1768,   -0.2544,   -0.2607], 
 [    0.3052,   -0.3451,   -0.7230], 
 [    0.8087,    0.6772,    0.3254]]
[[   -0.8823,    0.3146,    0.8730], 
 [   -0.1267,   -0.0043,    0.8499], 
 [   -0.1232,    0.2167,   -0.8759]]
[[   -0.7666,    0.8586,    0.3505], 
 [   -0.3037,   -0.4465,    0.6475], 
 [    0.3336,   -0.0754,    0.6509]]
[[   -0.1334,   -0.9322,   -0.2725], 
 [    0.0280,    0.3280,   -0.7214], 
 [    0.3028,    0.3234,   -0.9821]]
[[   -0.8787,    0.7721,    0.9386], 
 [   -0.3258,   -0.7332,    0.8446], 
 [    0.2033,   -0.7031,    0.9391]]
[[   -0.9780,    0.5256,    0.2368], 
 [    0.4235,    0.2384,    0.3973], 
 [    0.4873,    0.8315,   -0.9551]]
[[    0.8279,   -0.3099,    0.5587], 
 [    0.4440,   -0.2094,    0.0361], 
 [   -0.2195,    0.3057,    0.6460]]
[[   -0.3089,   -0.4177,    0.9382], 
 [   -0.8974,   -0.3016,    0.8909], 
 [    0.8215,    0.2780,   -0.6032]]
[[    0.2161,    0.7780,    0.6889], 
 [    0.3153,    0.4141,   -0.0651], 
 [   -0.4271,    0.2222,   -0.8221]]
[[   -0.3047,   -0.1394,   -0.4243], 
 [   -0.2506,    0.6673,   -0.6634], 
 [   -0.0586,   -0.5083,   -0.0388]]
[[   -0.9851,    0.1234,    0.3603], 
 [    0.6461,    0.6437,    0.7537], 
 [   -0.9018,   -0.7625,    0.3695]]
[[   -0.1635,   -0.0103,   -0.9334], 
 [   -0.9377,    0.3826,   -0.5844], 
 [   -0.8548,   -0.4145,    0.6612]]
[[   -0.8887,   -0.3252,   -0.6298], 
 [   -0.1583,    0.0298,    0.7844], 
 [   -0.9290,    0.8290,   -0.9767]]
[[    0.2432,    0.7708,   -0.0514], 
 [    0.1686,    0.9120,    0.2517], 
 [   -0.1817,   -0.5046,   -0.4753]]
[[   -0.8350,   -0.8044,    0.1268], 
 [   -0.9712,    0.6008,   -0.0881], 
 [    0.3879,   -0.8567,   -0.4905]]
[[    0.0806,    0.3103,    0.0808], 
 [   -0.2874,    0.6991,    0.1548], 
 [    0.4191,   -0.1921,   -0.5073]]
[[    0.0479,    0.0196,   -0.7870], 
 [   -0.6263,    0.6457,    0.5861], 
 [    0.7598,   -0.7358,    0.8619]]
[[   -0.0697,   -0.2017,    0.1832], 
 [    0.1184,   -0.6026,   -0.3697], 
 [   -0.5200,   -0.6693,    0.9710]]
[[   -0.8186,    0.8832,    0.8820], 
 [   -0.4245,   -0.6429,   -0.3445], 
 [   -0.7649,    0.8342,   -0.7560]]
[[    0.5320,    0.4782,   -0.9031], 
 [    0.4398,   -0.6258,   -0.8690], 
 [    0.9758,   -0.8188,   -0.5013]]
[[   -0.1859,   -0.2164,   -0.3421], 
 [    0.4955,    0.0225,    0.3116], 
 [   -0.0763,   -0.9767,    0.1693]]
[[   -0.8208,    0.1526,   -0.4656], 
 [    0.3049,   -0.3589,   -0.3620], 
 [    0.1877,   -0.5148,   -0.8159]]
[[   -0.0938,   -0.6960,   -0.3760], 
 [   -0.5103,    0.5720,    0.6345], 
 [    0.8452,   -0.5710,    0.1663]]
[[   -0.5631,   -0.1589,    0.6295], 
 [    0.0635,   -0.0900,    0.5744], 
 [   -0.1392,   -0.1528,   -0.1259]]
[[   -0.2617,    0.9797,    0.9758], 
 [    0.7578,   -0.1408,   -0.4806], 
 [    0.4538,   -0.0667,    0.6537]]
[[   -0.8766,   -0.6375,    0.2295], 
 [    0.3045,    0.9794,    0.5598], 
 [    0.0505,    0.6983,   -0.8279]]
[[   -0.3512,    0.9607,    0.3494], 
 [    0.4374,   -0.6140,   -0.1995], 
 [   -0.2832,    0.1940,    0.1155]]
[[   -0.5365,   -0.0538,   -0.0819], 
 [   -0.4845,    0.2984,   -0.3346], 
 [   -0.0587,   -0.0219,    0.7828]]
[[   -0.5790,    0.5749,   -0.7205], 
 [   -0.4220,   -0.4410,   -0.9053], 
 [   -0.1564,   -0.6226,    0.9310]]
[[    0.5668,   -0.1348,    0.0586], 
 [    0.6660,    0.7642,   -0.1528], 
 [    0.5690,   -0.5689,   -0.5179]]
[[    0.6703,   -0.3070,    0.1009], 
 [    0.4578,    0.2413,   -0.5869], 
 [    0.5613,   -0.2115,    0.9534]]
[[    0.8979,   -0.5127,    0.2558], 
 [   -0.2610,    0.3467,   -0.6234], 
 [    0.2874,    0.3164,   -0.1208]]
[[   -0.1466,   -0.5856,   -0.6052], 
 [   -0.5414,    0.3228,   -0.9553], 
 [   -0.9446,   -0.5612,    0.4207]]
[[    0.1178,    0.3119,   -0.2613], 
 [   -0.6167,   -0.2195,   -0.0750], 
 [    0.8790,   -0.5404,   -0.3779]]
[[   -0.0299,    0.1566,   -0.2002], 
 [    0.1865,   -0.6538,   -0.9104], 
 [   -0.1414,    0.4977,    0.4542]]
[[   -0.0829,   -0.7058,   -0.8423], 
 [    0.6073,   -0.5609,    0.5932], 
 [   -0.7889,    0.3821,   -0.2479]]
[[   -0.8098,    0.4061,    0.0893], 
 [   -0.4470,   -0.2605,   -0.2325], 
 [    0.8143,    0.5928,    0.3635]]
[[    0.4356,    0.0587,   -0.4072], 
 [   -0.7934,   -0.3597,   -0.0631], 
 [    0.4780,   -0.5766,   -0.6420]]
[[    0.0616,   -0.8679,   -0.1496], 
 [   -0.2856,   -0.1918,   -0.9509], 
 [   -0.9523,   -0.4774,   -0.5323]]
[[   -0.7675,    0.1305,    0.4717], 
 [    0.9534,   -0.5179,    0.8790], 
 [   -0.5624,    0.1927,    0.8205]]
[[   -0.0238,   -0.8568,   -0.8961], 
 [    0.2114,   -0.0980,    0.9606], 
 [   -0.8522,    0.9699,    0.0253]]
[[   -0.9451,    0.8601,   -0.7081], 
 [   -0.2904,    0.2314,    0.4440], 
 [   -0.8155,    0.9011,    0.8956]]
[[   -0.4205,    0.7558,    0.5766], 
 [   -0.6722,   -0.0987,    0.2881], 
 [   -0.3150,    0.1283,   -0.7330]]
[[    0.8155,    0.7585,    0.1222], 
 [    0.9004,   -0.9709,   -0.7370], 
 [   -0.7176,    0.7639,    0.2573]]
[[   -0.0861,    0.3044,   -0.8968], 
 [   -0.0209,    0.6901,    0.3343], 
 [   -0.9810,   -0.1127,    0.0873]]
[[    0.0675,    0.1033,    0.8616], 
 [   -0.7398,    0.9314,    0.7451], 
 [    0.3772,    0.1481,    0.4065]]
[[    0.5182,   -0.1272,   -0.5827], 
 [    0.6478,    0.2202,    0.3512], 
 [    0.1022,    0.5362,   -0.4045]]
[[    0.1353,    0.2057,    0.0444], 
 [   -0.4364,   -0.9105,    0.2053], 
 [    0.3777,    0.8366,    0.8530]]
[[   -0.6087,   -0.2847,    0.2358], 
 [    0.6751,    0.2739,    0.6100], 
 [   -0.2940,   -0.7099,    0.9377]]
[[   -0.9228,   -0.9207,    0.9475], 
 [   -0.8888,   -0.7484,   -0.0536], 
 [    0.1674,    0.9990,   -0.8840]]
[[    0.6756,   -0.8823,    0.4745], 
 [    0.2523,   -0.4488,   -0.4238], 
 [    0.0805,   -0.1779,    0.3119]]
[[    0.3869,    0.4876,    0.0751], 
 [   -0.0755,   -0.9797,   -0.4489], 
 [   -0.4673,    0.3484,    0.4251]]
[[   -0.0955,    0.7367,    0.2692], 
 [   -0.3302,   -0.8471,   -0.0827], 
 [   -0.7354,   -0.9321,   -0.8366]]
[[    0.2938,   -0.2465,   -0.5441], 
 [    0.6886,    0.8311,   -0.8060], 
 [   -0.9323,    0.6195,    0.2407]]
[[    0.4743,    0.0754,   -0.4665], 
 [   -0.2435,    0.2135,    0.2627], 
 [    0.8817,   -0.1953,    0.7742]]
[[   -0.4644,    0.1531,   -0.9350], 
 [    0.1937,    0.0174,    0.6708], 
 [   -0.3922,    0.9462,    0.3220]]
[[    0.2764,    0.8255,   -0.5123], 
 [   -0.7282,    0.1053,   -0.3267], 
 [   -0.1444,   -0.2012,    0.8980]]
[[   -0.6148,    0.2579,    0.0676], 
 [   -0.1638,   -0.7339,   -0.4598], 
 [   -0.0550,   -0.2250,    0.4456]]
[[    0.7161,    0.8891,    0.9333], 
 [    0.5130,   -0.7042,    0.0164], 
 [    0.5613,   -0.1314,   -0.9151]]
[[    0.6827,    0.9562,    0.3187], 
 [   -0.6773,    0.2544,    0.2823], 
 [   -0.0692,    0.5499,    0.8971]]
[[    0.1045,   -0.4768,    0.4435], 
 [   -0.7750,    0.2743,   -0.7420], 
 [   -0.9958,   -0.6022,   -0.1278]]
[[    0.7904,    0.9398,   -0.1023], 
 [    0.2781,   -0.8377,   -0.1304], 
 [    0.6110,   -0.8815,   -0.7947]]
[[    0.0580,    0.0664,   -0.1588], 
 [   -0.3838,    0.7881,    0.7471], 
 [    0.9670,    0.0474,    0.2046]]
[[   -0.7891,   -0.3075,    0.5762], 
 [   -0.5371,   -0.5481,    0.4482], 
 [    0.7314,    0.3847,    0.4006]]
[[    0.2583,    0.8994,    0.4493], 
 [   -0.2582,   -0.6961,    0.3726], 
 [   -0.0823,    0.3517,    0.9764]]
[[   -0.4356,   -0.8208,    0.5691], 
 [    0.8572,    0.9788,   -0.0362], 
 [   -0.7832,    0.5852,    0.4357]]
[[    0.0054,    0.8779,    0.3725], 
 [    0.7115,    0.9114,    0.2347], 
 [   -0.9717,    0.2883,   -0.4384]]
[[    0.4899,    0.8152,    0.2318], 
 [    0.1565,   -0.1741,    0.1719], 
 [    0.3245,   -0.7763,   -0.3140]]
[[    0.4248,   -0.4282,   -0.6847], 
 [   -0.7626,    0.9625,   -0.0923], 
 [    0.9546,   -0.1831,   -0.9810]]
[[   -0.4585,    0.4111,   -0.6500], 
 [   -0.7689,   -0.2528,   -0.6533], 
 [   -0.1769,    0.4335,    0.1078]]
[[   -0.9359,    0.7198,    0.7509], 
 [    0.2315,   -0.9020,   -0.0301], 
 [   -0.9797,    0.7648,   -0.7540]]
[[   -0.5010,    0.7763,   -0.8076], 
 [   -0.2113,    0.7034,    0.6252], 
 [    0.3413,    0.6083,    0.3031]]
[[   -0.3164,   -0.2376,    0.1727], 
 [    0.9431,    0.9377,    0.2424], 
 [   -0.0412,   -0.3667,    0.8888]]
[[   -0.4019,    0.8129,    0.6627], 
 [    0.6412,   -0.4276,    0.8791], 
 [   -0.0321,   -0.2868,   -0.8216]]
[[    0.3519,   -0.8670,   -0.7123], 
 [   -0.8358,    0.0729,   -0.8852], 
 [    0.3564,   -0.5992,   -0.8209]]
[[    0.6628,    0.2810,   -0.0643], 
 [   -0.5486,   -0.0786,    0.6347], 
 [   -0.7838,    0.8147,    0.1827]]
[[   -0.0868,   -0.4093,   -0.5036], 
 [   -0.0455,    0.6574,    0.5084], 
 [   -0.2243,   -0.4551,   -0.1462]]
[[    0.1280,   -0.0414,   -0.7468], 
 [    0.1095,   -0.0306,   -0.7677], 
 [   -0.1286,   -0.9958,   -0.8713]]
[[    0.4125,    0.7368,   -0.7132], 
 [    0.1740,    0.2222,   -0.1909], 
 [   -0.8640,    0.3044,   -0.2848]]
[[    0.3964,   -0.4366,    0.6007], 
 [    0.7383,    0.0464,   -0.7684], 
 [   -0.7123,   -0.0953,    0.8482]]
[[   -0.5493,   -0.1996,   -0.5486], 
 [    0.9376,   -0.0763,   -0.8704], 
 [    0.5780,    0.3622,    0.9132]]
[[    0.4739,   -0.6221,    0.5918], 
 [   -0.0228,    0.4927,    0.2977], 
 [   -0.0208,   -0.8979,   -0.3546]]
[[   -0.7315,   -0.7355,   -0.8094], 
 [    0.0009,    0.0321,   -0.2261], 
 [   -0.8356,    0.6929,   -0.9796]]
[[    0.4327,    0.6668,    0.7523], 
 [    0.2270,   -0.0701,    0.3228], 
 [    0.4433,   -0.1166,   -0.6310]]
[[   -0.1584,   -0.5738,   -0.5120], 
 [    0.6723,   -0.1611,   -0.9413], 
 [    0.7654,    0.5890,    0.2006]]
[[   -0.9916,   -0.5557,   -0.3084], 
 [    0.0730,    0.9490,    0.4222], 
 [    0.0218,    0.0805,    0.5765]]
[[    0.8334,    0.1408,    0.2758], 
 [   -0.5640,   -0.1882,    0.2518], 
 [   -0.5070,    0.1374,    0.3334]]
[[    0.8275,   -0.7202,    0.3850], 
 [   -0.5836,   -0.3324,    0.3631], 
 [    0.9954,    0.1864,    0.6867]]
[[   -0.2290,    0.5432,    0.8105], 
 [    0.9135,    0.1078,    0.6176], 
 [   -0.8348,    0.1377,   -0.7205]]
[[    0.8092,    0.2672,    0.4399], 
 [    0.9673,   -0.5202,   -0.1064], 
 [    0.4374,   -0.4248,   -0.8521]]
[[    0.6928,   -0.4627,   -0.0020], 
 [   -0.1336,    0.0827,    0.6156], 
 [    0.6153,    0.3948,    0.6819]]
[[   -0.2829,   -0.8491,   -0.8901], 
 [   -0.2682,    0.1080,   -0.2700], 
 [    0.6723,   -0.0282,   -0.2540]]
[[   -0.6593,    0.2302,    0.7894], 
 [   -0.3158,   -0.8192,    0.6244], 
 [   -0.9030,    0.2296,    0.9208]]
[[   -0.5363,    0.3666,   -0.2348], 
 [   -0.2208,    0.2320,   -0.4739], 
 [    0.0763,   -0.5140,    0.6529]]
[[    0.9963,   -0.2594,    0.7218], 
 [    0.3993,   -0.9310,   -0.3111], 
 [    0.4017,    0.9765,    0.0136]]
[[    0.3837,    0.3058,   -0.9328], 
 [   -0.1467,    0.2539,   -0.0042], 
 [    0.9945,    0.5692,   -0.0309]]
[[    0.6851,    0.0590,    0.6443], 
 [    0.9624,   -0.1979,    0.4793], 
 [   -0.6660,   -0.8143,    0.3408]]
[[   -0.6010,   -0.1914,    0.5179], 
 [    0.7914,    0.0251,    0.4177], 
 [    0.4583,    0.4198,    0.3207]]
[[   -0.2918,   -0.2068,    0.9874], 
 [    0.8912,   -0.4410,   -0.2298], 
 [   -0.3884,    0.6988,   -0.1898]]
[[    0.9745,    0.3968,    0.0755], 
 [   -0.8953,   -0.4043,    0.7284], 
 [   -0.8722,    0.3068,   -0.9494]]
[[   -0.3495,    0.0803,    0.8381], 
 [    0.0348,    0.6458,    0.3703], 
 [    0.5290,   -0.0006,   -0.7107]]
[[   -0.6453,    0.1814,   -0.2376], 
 [   -0.2247,   -0.5865,    0.9474], 
 [    0.5224,   -0.9125,   -0.1111]]
[[   -0.1850,    0.8842,   -0.2712], 
 [   -0.1552,    0.0497,    0.6745], 
 [   -0.6520,    0.9323,   -0.7446]]
[[    0.3074,    0.3404,    0.7836], 
 [   -0.1237,   -0.7512,    0.5692], 
 [    0.3207,   -0.5717,    0.7264]]
[[   -0.2912,   -0.9059,    0.5143], 
 [    0.2625,    0.4038,   -0.6195], 
 [   -0.2231,    0.8186,   -0.5733]]
[[    0.1043,    0.3310,   -0.6072], 
 [   -0.6774,   -0.1065,   -0.0573], 
 [    0.7625,   -0.3437,    0.5545]]
[[   -0.7636,   -0.2760,    0.8950], 
 [    0.0895,    0.5592,   -0.3263], 
 [   -0.7788,    0.0112,    0.7700]]
[[    0.6480,   -0.8934,   -0.8436], 
 [    0.2006,    0.0590,    0.3735], 
 [   -0.5377,   -0.7071,    0.2722]]
[[   -0.3816,    0.2337,    0.0180], 
 [    0.8927,    0.4033,    0.3285], 
 [   -0.9207,    0.1906,    0.3921]]
[[    0.3688,    0.1072,   -0.5827], 
 [    0.7556,   -0.3892,    0.5956], 
 [   -0.0355,   -0.4139,    0.4154]]
[[    0.1456,    0.2675,    0.8105], 
 [   -0.5933,   -0.2446,   -0.8345], 
 [   -0.8553,    0.3467,   -0.6623]]
[[   -0.9770,    0.0056,   -0.4843], 
 [    0.4382,   -0.6630,    0.9838], 
 [   -0.0373,   -0.7947,   -0.2135]]
[[    0.4493,    0.3681,   -0.9352], 
 [    0.7155,   -0.7944,   -0.5316], 
 [   -0.7298,    0.8933,    0.6984]]
[[   -0.0050,    0.5163,   -0.9240], 
 [    0.2297,    0.8967,    0.1546], 
 [   -0.6500,   -0.1373,   -0.7275]]
[[   -0.8186,    0.5445,   -0.7195], 
 [   -0.1475,   -0.8489,   -0.8933], 
 [   -0.3037,    0.1645,   -0.5702]]
[[    0.7283,    0.1316,   -0.4392], 
 [   -0.2049,    0.7666,    0.8460], 
 [    0.1910,    0.2949,   -0.9748]]
[[   -0.4792,   -0.3124,   -0.5207], 
 [    0.8249,   -0.0836,    0.8471], 
 [   -0.3445,   -0.5495,    0.1545]]
[[    0.9136,   -0.3506,   -0.9497], 
 [    0.5167,    0.2008,   -0.2947], 
 [   -0.1569,    0.7149,    0.7386]]
[[   -0.3775,   -0.8968,   -0.0473], 
 [    0.3957,    0.0025,   -0.2015], 
 [   -0.2202,    0.4887,   -0.4369]]
[[   -0.0043,   -0.2668,   -0.7136], 
 [    0.8845,    0.1791,   -0.9243], 
 [    0.0094,    0.6588,    0.4908]]
[[    0.5446,   -0.0699,    0.5395], 
 [   -0.4440,   -0.0282,   -0.9855], 
 [   -0.9656,   -0.9511,    0.8686]]
[[    0.1629,   -0.4782,   -0.5673], 
 [   -0.3670,    0.5721,    0.4434], 
 [    0.4175,    0.9003,    0.9888]]
[[   -0.9984,    0.6005,   -0.2549], 
 [    0.7017,   -0.7287,    0.4662], 
 [   -0.0676,   -0.9948,   -0.4603]]
[[   -0.5176,   -0.7750,    0.5602], 
 [   -0.0972,   -0.6269,   -0.1285], 
 [    0.5931,   -0.3290,   -0.1902]]
[[    0.8322,    0.1928,    0.9720], 
 [   -0.2413,    0.0461,    0.0982], 
 [    0.0920,   -0.5112,    0.0926]]
[[   -0.6747,   -0.4434,    0.8722], 
 [    0.9776,    0.7283,   -0.2634], 
 [   -0.9927,   -0.5471,   -0.8245]]
[[    0.8357,    0.4309,   -0.7308], 
 [   -0.6035,    0.5336,    0.2311], 
 [   -0.9253,   -0.2421,   -0.7357]]
[[    0.2123,    0.2849,   -0.7659], 
 [    0.1296,    0.9454,    0.1867], 
 [   -0.3382,   -0.2031,    0.0050]]
[[   -0.2221,    0.0006,    0.3714], 
 [    0.9879,   -0.5940,   -0.2261], 
 [    0.1986,   -0.9846,    0.1340]]
[[   -0.8842,   -0.1661,    0.3300], 
 [    0.9452,    0.9295,   -0.0112], 
 [    0.3348,   -0.6056,    0.5456]]
[[   -0.8140,   -0.0453,    0.1158], 
 [   -0.0380,    0.0476,    0.5649], 
 [   -0.2794,   -0.7380,    0.6766]]
[[    0.8823,    0.0466,   -0.8706], 
 [   -0.5678,   -0.7906,    0.4678], 
 [   -0.4936,   -0.4622,   -0.8002]]
[[    0.0271,    0.3983,    0.4389], 
 [    0.9260,   -0.4724,   -0.4165], 
 [   -0.4093,   -0.5607,    0.3921]]
[[    0.5544,   -0.5511,    0.2458], 
 [   -0.8929,    0.4126,   -0.1588], 
 [   -0.8386,   -0.6397,   -0.3762]]
[[   -0.4027,    0.8591,    0.6079], 
 [   -0.4396,   -0.6417,    0.0951], 
 [   -0.2570,   -0.4251,   -0.1935]]
[[    0.0703,   -0.2340,    0.9830], 
 [    0.2216,   -0.3181,   -0.0654], 
 [    0.7843,   -0.7788,   -0.4792]]
[[   -0.2788,   -0.7930,    0.8281], 
 [   -0.6191,    0.1004,    0.2365], 
 [    0.5844,   -0.2120,    0.1774]]
[[   -0.8306,    0.3464,    0.5823], 
 [    0.9750,   -0.0622,    0.5921], 
 [    0.9528,   -0.6816,   -0.5502]]
[[   -0.3901,   -0.5173,   -0.8140], 
 [    0.5228,   -0.2301,   -0.2557], 
 [   -0.3575,   -0.8831,    0.2326]]
[[    0.7746,   -0.4827,   -0.4773], 
 [    0.9057,    0.3620,   -0.6186], 
 [    0.9184,    0.2456,    0.4990]]
[[   -0.9749,    0.2827,   -0.4201], 
 [    0.5728,   -0.3324,    0.0378], 
 [   -0.9681,    0.9149,    0.4173]]
[[   -0.0080,    0.8336,   -0.8109], 
 [    0.1119,    0.1517,    0.8582], 
 [    0.7375,    0.6264,   -0.1807]]
[[    0.5088,   -0.4703,   -0.0424], 
 [   -0.9994,    0.7894,    0.5940], 
 [    0.9599,    0.6109,    0.3082]]
[[   -0.0367,    0.4740,    0.2179], 
 [   -0.7259,    0.0517,   -0.2255], 
 [    0.1467,    0.1033,   -0.8721]]
[[    0.7553,    0.6287,    0.1854], 
 [   -0.9321,   -0.9308,    0.4169], 
 [   -0.4623,   -0.0487,   -0.4156]]
[[    0.7498,   -0.3752,   -0.7863], 
 [    0.9121,   -0.0937,   -0.5374], 
 [   -0.9547,    0.5355,    0.7202]]
[[   -0.7526,    0.5265,    0.1241], 
 [    0.3505,    0.2430,    0.5935], 
 [   -0.0378,    0.3891,    0.4271]]
[[    0.3321,    0.1283,   -0.0463], 
 [    0.4697,    0.3342,    0.0539], 
 [    0.7770,    0.0378,    0.9039]]
[[   -0.6279,   -0.4618,    0.1264], 
 [   -0.2742,   -0.3831,    0.6537], 
 [   -0.8671,   -0.7010,    0.2512]]
[[    0.6000,    0.7408,    0.9136], 
 [   -0.2621,    0.4467,    0.3272], 
 [   -0.7763,    0.9404,    0.7517]]
[[   -0.4369,   -0.4089,    0.0036], 
 [    0.2103,    0.1607,   -0.7132], 
 [   -0.9610,    0.5276,   -0.6900]]
[[   -0.6470,   -0.5615,    0.8830], 
 [   -0.7661,    0.4862,    0.4606], 
 [    0.0247,   -0.4809,   -0.3505]]
[[    0.8192,    0.5639,   -0.5947], 
 [    0.2792,   -0.5291,    0.3621], 
 [    0.0365,   -0.0570,   -0.4688]]
[[    0.0186,   -0.1554,   -0.9049], 
 [    0.2841,   -0.5682,   -0.3003], 
 [   -0.8380,    0.6492,    0.1656]]
[[    0.2192,   -0.3632,   -0.8543], 
 [   -0.0862,   -0.2641,    0.0593], 
 [    0.3654,    0.7483,   -0.1852]]
[[   -0.1796,    0.3011,    0.0400], 
 [   -0.0789,    0.5754,    0.4781], 
 [   -0.0708,   -0.1270,    0.7116]]
[[   -0.2250,    0.0781,    0.0446], 
 [    0.8087,   -0.9334,   -0.9664], 
 [    0.9375,   -0.6962,   -0.6331]]
[[    0.0136,   -0.2930,    0.6902], 
 [   -0.9635,   -0.8375,   -0.5068], 
 [    0.4924,   -0.2165,    0.4052]]
[[    0.0039,   -0.0274,    0.6933], 
 [    0.9135,    0.6967,   -0.9007], 
 [    0.3215,    0.8929,   -0.8822]]
[[    0.6232,   -0.9907,    0.9160], 
 [    0.4761,   -0.7069,   -0.9930], 
 [   -0.6685,    0.3768,    0.2334]]
[[    0.7441,   -0.5647,    0.7941], 
 [   -0.7406,   -0.3817,   -0.9710], 
 [   -0.2000,   -0.4530,   -0.9090]]
[[   -0.2589,    0.3729,   -0.5226], 
 [    0.4940,    0.0703,    0.6848], 
 [   -0.3088,    0.0095,    0.4960]]
[[   -0.3504,   -0.5512,    0.5491], 
 [   -0.8113,   -0.7354,   -0.7628], 
 [    0.8977,    0.8670,   -0.7340]]
[[    0.2273,    0.4081,   -0.8214], 
 [   -0.0219,   -0.3286,    0.7894], 
 [    0.6009,   -0.1164,    0.6123]]
[[   -0.9271,   -0.6816,   -0.6048], 
 [    0.3915,   -0.2776,   -0.2123], 
 [   -0.3988,   -0.6547,   -0.9668]]
[[    0.7743,    0.3275,    0.8200], 
 [   -0.5523,   -0.4689,   -0.2274], 
 [    0.1684,   -0.7552,   -0.5232]]
[[    0.1762,   -0.2538,    0.1496], 
 [   -0.7349,    0.5139,   -0.9030], 
 [   -0.1231,   -0.5727,    0.0436]]
[[    0.4880,    0.3279,    0.9306], 
 [   -0.3173,   -0.2503,   -0.7495], 
 [   -0.0707,   -0.3457,    0.9824]]
[[   -0.4809,    0.7472,   -0.3755], 
 [   -0.9022,   -0.1187,    0.7084], 
 [   -0.3746,    0.4048,    0.0146]]
[[   -0.1953,    0.4766,    0.4788], 
 [   -0.9630,   -0.5956,   -0.8793], 
 [    0.4160,    0.2382,   -0.8026]]
[[   -0.6904,   -0.7700,   -0.2710], 
 [    0.4076,   -0.5680,   -0.3584], 
 [    0.9518,   -0.0672,    0.9043]]
[[    0.7863,    0.5471,    0.5189], 
 [    0.5236,    0.4826,   -0.0503], 
 [    0.3387,    0.4516,   -0.3934]]
[[   -0.7450,   -0.5884,    0.0825], 
 [   -0.1373,   -0.5921,    0.1948], 
 [    0.9605,   -0.2355,   -0.4423]]
[[   -0.6362,   -0.8927,    0.0074], 
 [    0.5500,   -0.6842,    0.6657], 
 [    0.5700,    0.9582,   -0.7504]]
[[    0.5835,   -0.1338,    0.7958], 
 [    0.8138,    0.2274,   -0.9381], 
 [    0.1151,    0.2546,    0.2750]]
[[    0.2662,   -0.9428,   -0.2351], 
 [    0.0023,   -0.2694,    0.6148], 
 [   -0.7006,   -0.8202,    0.4144]]
[[   -0.6576,    0.5088,    0.1891], 
 [    0.3179,    0.5762,    0.6460], 
 [   -0.3193,   -0.1654,   -0.6659]]
[[    0.3028,   -0.8762,   -0.9542], 
 [   -0.0055,    0.6599,   -0.0643], 
 [    0.3525,   -0.8907,   -0.4344]]
[[   -0.4762,   -0.8673,    0.2485], 
 [   -0.7883,   -0.4533,   -0.7749], 
 [   -0.3423,   -0.5728,    0.9635]]
[[    0.9356,    0.6756,   -0.3129], 
 [    0.0405,   -0.9841,   -0.6314], 
 [   -0.1801,   -0.6261,    0.5828]]
[[   -0.3662,    0.0875,    0.2085], 
 [    0.3181,   -0.8526,   -0.1679], 
 [    0.8550,    0.4403,   -0.0350]]
[[    0.1945,    0.8398,   -0.0711], 
 [   -0.6733,    0.5536,   -0.4112], 
 [   -0.7323,   -0.7293,    0.2773]]
[[   -0.1147,   -0.4251,    0.0369], 
 [   -0.8624,    0.1423,    0.4135], 
 [   -0.0833,   -0.6836,   -0.4030]]
[[    0.7900,   -0.8004,   -0.6928], 
 [    0.9502,    0.9017,    0.1806], 
 [   -0.7754,   -0.3234,    0.0461]]
[[    0.8045,    0.0325,    0.2649], 
 [    0.7592,    0.4538,    0.0363], 
 [    0.9761,    0.7452,    0.6422]]
[[    0.6040,    0.3669,    0.4412], 
 [    0.9153,   -0.4526,    0.7863], 
 [   -0.8370,   -0.8518,    0.8320]]
