ConvolutionLayer@7674a051
Total Parameters{600}
Number of Kernals{24}
Stride {1}
Size of Kernals{5, 5}

Number of Input Channels{1}

Number of Output Channels{24}

Biases{24}
[[4.3749e-6], 
 [-7.6809e-6], 
 [-4.5769e-7], 
 [1.2316e-5], 
 [-4.8103e-6], 
 [-5.635e-6], 
 [-1.3719e-5], 
 [-1.096e-6], 
 [1.8506e-5], 
 [-8.2492e-6], 
 [-2.1527e-5], 
 [-1.3155e-5], 
 [-5.0704e-6], 
 [1.276e-5], 
 [-9.7119e-6], 
 [-6.2985e-6], 
 [-2.5283e-6], 
 [-8.1281e-6], 
 [1.4353e-5], 
 [5.8399e-6], 
 [3.5959e-6], 
 [-1.236e-5], 
 [8.1182e-7], 
 [-1.142e-5]]

Kernal Weights{600}
[[    0.3188,   -0.9399,    0.4574,   -0.0476,   -0.6357], 
 [    0.4248,   -0.2420,   -0.5530,   -0.6120,    0.1501], 
 [    0.0906,    0.5225,   -0.5387,    0.9442,   -0.0708], 
 [   -0.1735,    0.2454,   -0.5012,    0.5350,   -0.4800], 
 [    0.0564,   -0.7917,    0.1733,   -0.3005,   -0.1551]]
[[    0.6884,    0.1119,    0.2384,   -0.0866,    0.8393], 
 [    0.3421,   -0.7311,    0.8799,   -0.3874,    0.6378], 
 [   -0.0043,   -0.6610,    0.6333,   -0.6591,   -0.2502], 
 [    0.9501,   -0.1861,    0.5170,   -0.7019,    0.2706], 
 [    0.7986,   -0.4470,    0.2856,   -0.4308,   -0.3729]]
[[    0.1439,    0.4076,    0.0235,   -0.6551,   -0.3169], 
 [   -0.5947,    0.2956,    0.4783,   -0.4929,    0.2820], 
 [   -0.7530,   -0.7572,   -0.7678,   -0.6817,   -0.2301], 
 [    0.1717,    0.4219,   -0.6273,   -0.8772,   -0.5658], 
 [    0.2253,   -0.2829,   -0.0340,   -0.4629,    0.3076]]
[[    0.2575,   -0.6391,   -0.6702,    0.3799,    0.3403], 
 [    0.4243,   -0.7180,    0.9222,    0.5684,    0.9972], 
 [    0.8467,    0.3788,    0.0300,   -0.2308,    0.3867], 
 [   -0.0517,   -0.7830,    0.5797,    0.6367,    0.4008], 
 [    0.4810,    0.3078,   -0.0699,   -0.1117,   -0.6280]]
[[    0.7333,   -0.4218,   -0.4209,   -0.5561,   -0.0387], 
 [    0.6448,   -0.8650,    0.1761,    0.6841,   -0.8697], 
 [    0.5497,    0.5755,    0.3724,   -0.8956,    0.6604], 
 [   -0.3257,    0.7540,    0.6761,   -0.2341,   -0.3062], 
 [    0.4341,   -0.1335,    0.2363,   -0.0629,   -0.6273]]
[[    0.4260,    0.7138,   -0.3714,   -0.9531,   -0.5804], 
 [    0.5815,   -0.1571,   -0.3458,   -0.9884,   -0.2695], 
 [    0.4414,   -0.6037,    0.3101,    0.3701,   -0.4865], 
 [   -0.9276,   -0.6582,    0.5565,    0.1844,   -0.4751], 
 [    0.2707,   -0.4936,    0.8583,    0.2576,    0.8504]]
[[    0.3015,   -0.0180,    0.5131,   -0.2723,    0.5784], 
 [   -0.7768,   -0.5060,    0.7254,   -0.0004,   -0.3869], 
 [    0.0220,   -0.4808,    0.9081,   -0.3904,   -0.0980], 
 [   -0.7938,   -0.6187,    0.3590,   -0.4690,   -0.8036], 
 [    0.1156,   -0.5592,    0.9022,    0.5886,    0.0727]]
[[    0.3125,    0.0135,    0.7268,    0.5930,    0.3569], 
 [   -0.0497,   -0.0110,   -0.1570,   -0.0958,   -0.6162], 
 [   -0.9979,    0.8378,    0.0142,   -0.8797,    0.5233], 
 [   -0.8969,   -0.1669,   -0.5429,    0.9327,    0.0139], 
 [   -0.6408,   -0.4589,   -0.0544,   -0.7200,    0.1842]]
[[    0.7661,   -0.4476,    0.6944,   -0.6417,   -0.7386], 
 [    0.4049,   -0.7328,   -0.1036,   -0.0274,   -0.0572], 
 [   -0.8217,   -0.3375,    0.5418,   -0.6254,    0.5928], 
 [    0.3601,   -0.8103,    0.3235,   -0.6921,    0.1860], 
 [   -0.8325,    0.3848,    0.4768,   -0.6577,   -0.9868]]
[[    0.1963,    0.1751,   -0.9455,    0.7490,    0.6476], 
 [    0.4430,   -0.0318,   -0.4885,   -0.1458,    0.6746], 
 [    0.9324,   -0.3860,   -0.8247,    0.6372,   -0.0063], 
 [    0.0123,    0.1409,    0.2768,    0.1778,    0.3021], 
 [   -0.4944,    0.5469,   -0.8986,    0.9391,   -0.2182]]
[[   -0.0456,   -0.1801,    0.1945,   -0.3815,   -0.7592], 
 [    0.4199,   -0.4989,    0.1648,   -0.3249,   -0.1788], 
 [    0.3348,    0.1570,    0.8340,   -0.9738,   -0.4770], 
 [   -0.0949,   -0.6319,    0.6090,   -0.0300,    0.5532], 
 [   -0.6808,    0.6297,    0.2056,    0.0559,    0.7904]]
[[    0.3592,    0.8496,   -0.8435,   -0.5580,    0.1911], 
 [   -0.8931,   -0.6969,    0.1906,    0.9883,   -0.1769], 
 [   -0.0384,    0.7544,    0.6680,   -0.8786,   -0.9899], 
 [    0.1984,    0.3594,    0.7987,   -0.9348,    0.5716], 
 [    0.6606,   -0.2307,    0.4669,   -0.1525,    0.6482]]
[[   -0.4562,    0.4034,   -0.0828,    0.1297,   -0.4409], 
 [   -0.8319,    0.1490,   -0.6340,   -0.5633,    0.9259], 
 [   -0.8048,   -0.0342,    0.7367,   -0.4920,   -0.8773], 
 [    0.0141,    0.6515,   -0.2417,    0.6931,   -0.4057], 
 [    0.1824,   -0.2912,    0.7035,   -0.1660,   -0.1446]]
[[    0.5005,   -0.3829,   -0.6345,    0.7759,   -0.6301], 
 [    0.4500,    0.6415,   -0.0726,    0.2281,   -0.1761], 
 [    0.9595,   -0.0024,    0.4564,   -0.5532,   -0.7731], 
 [   -0.2364,   -0.6884,    0.8729,   -0.4868,   -0.9440], 
 [   -0.9020,    0.3247,    0.2698,    0.6827,    0.6551]]
[[   -0.3742,   -0.2910,    0.3434,    0.0496,   -0.1755], 
 [   -0.7107,    0.4978,   -0.5387,   -0.0076,    0.5519], 
 [   -0.5075,    0.1465,    0.7980,   -0.4488,    0.7562], 
 [   -0.8926,   -0.9553,    0.0673,    0.8392,   -0.3641], 
 [   -0.9279,   -0.5274,   -0.7538,   -0.7478,    0.1139]]
[[   -0.3861,   -0.4349,    0.7093,   -0.9129,   -0.5699], 
 [    0.2255,    0.7656,    0.0714,    0.0984,    0.3242], 
 [   -0.8898,    0.7383,   -0.4709,   -0.4880,    0.5880], 
 [    0.4443,    0.7439,    0.6239,   -0.8717,    0.2904], 
 [    0.2138,   -0.1323,    0.1092,    0.5122,   -0.2950]]
[[   -0.2282,    0.9013,    0.8402,    0.2879,    0.8084], 
 [   -0.8186,   -0.9141,    0.2222,    0.6520,   -0.7092], 
 [    0.1849,   -0.7361,   -0.6809,    0.3636,    0.0935], 
 [    0.5325,    0.1560,    0.2689,    0.5649,   -0.4560], 
 [    0.5447,    0.5057,   -0.3223,    0.3084,    0.5116]]
[[   -0.9056,   -0.8631,    0.3899,   -0.0219,   -0.7469], 
 [    0.9275,    0.7945,    0.3356,   -0.8229,    0.6364], 
 [    0.1760,   -0.8109,    0.5967,    0.9374,    0.4106], 
 [    0.6836,    0.9600,    0.1243,   -0.1080,   -0.3610], 
 [    0.0540,   -0.6545,    0.0275,   -0.1163,    0.6806]]
[[    0.2353,   -0.6198,   -0.3811,    0.5973,    0.0209], 
 [    0.6509,   -0.5418,   -0.6425,   -0.1585,    0.2682], 
 [   -0.1629,    0.9117,    0.0552,    0.7350,   -0.0974], 
 [    0.8583,   -0.4544,    0.0930,   -0.2819,    0.1090], 
 [    0.7404,    0.8536,   -0.3777,    0.3916,   -0.0813]]
[[    0.5833,    0.9312,   -0.5310,   -0.3307,   -0.0402], 
 [    0.8198,   -0.7117,    0.8942,   -0.4332,   -0.8054], 
 [    0.3355,   -0.3542,   -0.0532,    0.6069,    0.4114], 
 [   -0.7656,    0.5065,   -0.0950,   -0.2374,    0.5697], 
 [   -0.2361,    0.1518,   -0.9453,   -0.5110,    0.1104]]
[[   -0.3836,    0.0015,    0.9382,    0.7763,   -0.8763], 
 [    0.6728,    0.3378,   -0.9872,   -0.0925,    0.4342], 
 [    0.1469,   -0.3680,   -0.7456,   -0.6967,    0.7683], 
 [    1.0005,    0.6954,   -0.9239,   -0.7466,   -0.6628], 
 [   -0.7250,   -0.9692,    0.9661,    0.7460,    0.5069]]
[[   -0.7916,    0.3634,   -0.2199,    0.0443,   -0.6686], 
 [   -0.6495,    0.5529,   -0.2224,   -0.7202,   -0.7102], 
 [   -0.5802,   -0.8621,   -0.3232,   -0.3307,   -0.9512], 
 [   -0.3193,    0.6662,    0.6877,    0.3779,    0.6958], 
 [   -0.7873,    0.5677,   -0.6463,   -0.4355,    0.3720]]
[[   -0.7229,   -0.3458,    0.8210,   -0.0972,    0.5267], 
 [    0.6471,    0.5128,    0.3114,   -0.6286,   -0.3096], 
 [   -0.6883,   -0.0383,   -0.3764,   -0.3404,   -0.9318], 
 [   -0.7618,   -0.6786,    0.0039,   -0.9865,    0.9290], 
 [   -0.0195,   -0.9810,   -0.3402,   -0.0663,    0.0884]]
[[    0.1374,    0.5893,    0.2569,   -0.6477,   -0.0301], 
 [    0.7901,    0.7712,   -0.4230,    0.6303,    0.9920], 
 [   -0.2590,    0.7548,   -0.5933,    0.4911,   -0.7657], 
 [    0.9047,   -0.7519,    0.4290,    0.6637,   -0.4538], 
 [   -0.2650,   -0.8826,   -0.4847,   -0.7221,    0.1994]]
