DenseLayer@54a3ab8f
Total Parameters{3600}
Number of Nodes{16}

Number of Inputs{224}
[[-9.8517e-5,-4.7153e-6,    0.0001,-4.4741e-5, 2.5966e-5, 5.6276e-6,    0.0004,    0.0002,         0,-4.5062e-5, 1.2841e-5, 4.9163e-5,    0.0001,   -0.0008,   -0.0004,   -0.0003]]

Number of weights{224, 16}

[[    0.0203,    0.0463,   -0.0288,  ...   -0.0450,   -0.0122,   -0.0369], 
 [   -0.0632,   -0.0613,   -0.0182,  ...    0.0176,    0.0202,   -0.0147], 
 [    0.0401,   -0.0134,   -0.0511,  ...    0.0165,   -0.0424,   -0.0326], 
  ..., 
 [   -0.0491,    0.0355,    0.0408,  ...   -0.0112,    0.0344,    0.0300], 
 [   -0.0292,    0.0573,   -0.0315,  ...   -0.0403,   -0.0092,    0.0255], 
 [    0.0176,   -0.0654,    0.0492,  ...    0.0614,   -0.0054,    0.0034]]
